Teff & log(g) function coefficient analysis for filter: f218w
(function has the form: y = a*(Teff*log(g)) + b*log(g) + c) 

Fixed parameter: log(g) = 4.5
Number of points (maximum of 72): 15

Two-variable function fit coefficients: 
[ -1.00000000e-05   1.00000025e-01  -1.96008524e-08]
Covariance: 
[[  3.22266810e+05  -4.64932722e+10  -4.80706219e-08]
 [ -4.64932722e+10   6.70756123e+15   6.93501133e-03]
 [ -4.80706219e-08   6.93501133e-03   3.32546493e-11]]


Teff & log(g) function coefficient analysis for filter: f225w
(function has the form: y = a*(Teff*log(g)) + b*log(g) + c) 

Fixed parameter: log(g) = 4.5
Number of points (maximum of 72): 15

Two-variable function fit coefficients: 
[ -1.00000000e-05   1.00000021e-01   1.99998240e-03]
Covariance: 
[[  1.26955649e+06  -1.83158287e+11  -1.89369519e-07]
 [ -1.83158287e+11   2.64241553e+16   2.73200584e-02]
 [ -1.89369519e-07   2.73200584e-02   5.52365658e-11]]


Teff & log(g) function coefficient analysis for filter: f275w
(function has the form: y = a*(Teff*log(g)) + b*log(g) + c) 

Fixed parameter: log(g) = 4.5
Number of points (maximum of 72): 15

Two-variable function fit coefficients: 
[ -1.00000000e-05   1.00000008e-01   1.99997340e-03]
Covariance: 
[[  2.93819898e+05  -4.23892509e+10  -4.38268428e-08]
 [ -4.23892509e+10   6.11547621e+15   6.32284897e-03]
 [ -4.38268428e-08   6.32284897e-03   8.18617540e-12]]


Teff & log(g) function coefficient analysis for filter: f300x
(function has the form: y = a*(Teff*log(g)) + b*log(g) + c) 

Fixed parameter: log(g) = 4.5
Number of points (maximum of 72): 15

Two-variable function fit coefficients: 
[  1.00000000e-05   1.00000000e-01  -2.99994740e-03]
Covariance: 
[[  2.39096825e+05   3.44943811e+10  -3.56649003e-08]
 [  3.44943811e+10   4.97648737e+15  -5.14528494e-03]
 [ -3.56649003e-08  -5.14528494e-03   2.13146697e-11]]


Teff & log(g) function coefficient analysis for filter: f336w
(function has the form: y = a*(Teff*log(g)) + b*log(g) + c) 

Fixed parameter: log(g) = 4.5
Number of points (maximum of 72): 15

Two-variable function fit coefficients: 
[  3.16575318e-06   2.33251552e+00  -2.36365540e-09]
Covariance: 
[[  1.09276601e+05   4.97994648e+10  -2.34925184e-11]
 [  4.97994648e+10   2.26945812e+16  -1.06723078e-05]
 [ -2.34925184e-11  -1.06723078e-05   6.65801353e-13]]


Teff & log(g) function coefficient analysis for filter: f390w
(function has the form: y = a*(Teff*log(g)) + b*log(g) + c) 

Fixed parameter: log(g) = 4.5
Number of points (maximum of 72): 15

Two-variable function fit coefficients: 
[  1.00000000e-05   1.00000000e-01  -1.99998840e-03]
Covariance: 
[[  8.09263103e+04   1.16751989e+10  -1.20712772e-08]
 [  1.16751989e+10   1.68437518e+15  -1.74150755e-03]
 [ -1.20712772e-08  -1.74150755e-03   2.83355730e-12]]


Teff & log(g) function coefficient analysis for filter: f438w
(function has the form: y = a*(Teff*log(g)) + b*log(g) + c) 

Fixed parameter: log(g) = 4.5
Number of points (maximum of 72): 15

Two-variable function fit coefficients: 
[ -1.00000000e-05   1.00000000e-01   9.99995399e-04]
Covariance: 
[[  6.35147053e+04  -9.16323511e+09   1.00784941e-06]
 [ -9.16323511e+09   1.32197539e+15  -1.45401937e-01]
 [  1.00784941e-06  -1.45401937e-01   3.41361822e-13]]


Teff & log(g) function coefficient analysis for filter: f475w
(function has the form: y = a*(Teff*log(g)) + b*log(g) + c) 

Fixed parameter: log(g) = 4.5
Number of points (maximum of 72): 15

Two-variable function fit coefficients: 
[ -1.00000000e-05   1.00001319e-01   9.99995399e-04]
Covariance: 
[[  9.87832492e+04  -1.42514107e+10  -1.47346012e-08]
 [ -1.42514107e+10   2.05604400e+15   2.12574965e-03]
 [ -1.47346012e-08   2.12574965e-03   1.17370955e-12]]


Teff & log(g) function coefficient analysis for filter: f555w
(function has the form: y = a*(Teff*log(g)) + b*log(g) + c) 

Fixed parameter: log(g) = 4.5
Number of points (maximum of 72): 15

Two-variable function fit coefficients: 
[ -1.00000000e-05   1.00000000e-01   9.99995399e-04]
Covariance: 
[[  7.95079413e+04  -1.14705714e+10  -1.18596024e-08]
 [ -1.14705714e+10   1.65485366e+15   1.71097681e-03]
 [ -1.18596024e-08   1.71097681e-03   6.32451138e-13]]


Teff & log(g) function coefficient analysis for filter: f606w
(function has the form: y = a*(Teff*log(g)) + b*log(g) + c) 

Fixed parameter: log(g) = 4.5
Number of points (maximum of 72): 15

Two-variable function fit coefficients: 
[  9.99999994e-06   1.00000083e-01   6.60103458e-09]
Covariance: 
[[  2.20215512e+05   3.17703829e+10  -3.28475585e-08]
 [  3.17703829e+10   4.58349742e+15  -4.73889908e-03]
 [ -3.28475585e-08  -4.73889908e-03   5.67673638e-13]]


Teff & log(g) function coefficient analysis for filter: f625w
(function has the form: y = a*(Teff*log(g)) + b*log(g) + c) 

Fixed parameter: log(g) = 4.5
Number of points (maximum of 72): 15

Two-variable function fit coefficients: 
[  8.68309226e-06   1.28085885e+00   1.93220005e-09]
Covariance: 
[[  4.09000378e+05   6.79553790e+10  -7.77071126e-09]
 [  6.79553790e+10   1.12907806e+16  -1.29109883e-03]
 [ -7.77071126e-09  -1.29109883e-03   4.72063688e-13]]


Teff & log(g) function coefficient analysis for filter: f775w
(function has the form: y = a*(Teff*log(g)) + b*log(g) + c) 

Fixed parameter: log(g) = 4.5
Number of points (maximum of 72): 15

Two-variable function fit coefficients: 
[ -1.00000000e-05   1.00001843e-01   9.99992399e-04]
Covariance: 
[[  2.22207148e+05  -3.20577154e+10  -3.31445529e-08]
 [ -3.20577154e+10   4.62495076e+15   4.78174617e-03]
 [ -3.31445529e-08   4.78174617e-03   6.17580959e-13]]


Teff & log(g) function coefficient analysis for filter: f814w
(function has the form: y = a*(Teff*log(g)) + b*log(g) + c) 

Fixed parameter: log(g) = 4.5
Number of points (maximum of 72): 15

Two-variable function fit coefficients: 
[  9.31906737e-06   1.01997696e+00  -6.59092449e-10]
Covariance: 
[[  1.85643608e+05   2.87396905e+10  -6.26002217e-09]
 [  2.87396905e+10   4.44922302e+15  -9.69116605e-04]
 [ -6.26002217e-09  -9.69116605e-04   6.20470011e-13]]


Teff & log(g) function coefficient analysis for filter: G
(function has the form: y = a*(Teff*log(g)) + b*log(g) + c) 

Fixed parameter: log(g) = 4.5
Number of points (maximum of 72): 15

Two-variable function fit coefficients: 
[ -1.00000000e-05   1.00000000e-01   4.99995640e-03]
Covariance: 
[[  5.50250530e+04  -7.93843719e+09  -8.20796463e-09]
 [ -7.93843719e+09   1.14527441e+15   1.18411555e-03]
 [ -8.20796463e-09   1.18411555e-03   1.27459238e-11]]


Teff & log(g) function coefficient analysis for filter: Gbp
(function has the form: y = a*(Teff*log(g)) + b*log(g) + c) 

Fixed parameter: log(g) = 4.5
Number of points (maximum of 72): 15

Two-variable function fit coefficients: 
[  1.00000000e-05   1.00000001e-01   1.60110406e-09]
Covariance: 
[[  1.15177322e+05   1.66165752e+10  -1.71801269e-08]
 [  1.66165752e+10   2.39726506e+15  -2.47856659e-03]
 [ -1.71801269e-08  -2.47856659e-03   5.25257410e-13]]


Teff & log(g) function coefficient analysis for filter: Grp
(function has the form: y = a*(Teff*log(g)) + b*log(g) + c) 

Fixed parameter: log(g) = 4.5
Number of points (maximum of 72): 15

Two-variable function fit coefficients: 
[ -1.00000000e-05   1.00000772e-01   9.99991399e-04]
Covariance: 
[[  1.21349130e+05  -1.75069788e+10  -1.81007109e-08]
 [ -1.75069788e+10   2.52572316e+15   2.61137846e-03]
 [ -1.81007109e-08   2.61137846e-03   6.27293866e-13]]


