Teff & log(g) function coefficient analysis for filter: f218w
(function has the form: y = a*(Teff*log(g)) + b*log(g) + c) 

Fixed parameter: log(g) = 4.5
Number of points (maximum of 72): 15

Two-variable function fit coefficients: 
[ -1.00000000e-05   1.00000000e-01  -5.22397574e-03]
Covariance: 
[[  4.61011900e+09  -6.65099590e+14  -1.16955740e-03]
 [ -6.65099590e+14   9.59535892e+19   1.68719581e+02]
 [ -1.16955740e-03   1.68719581e+02   4.54840852e-06]]


Teff & log(g) function coefficient analysis for filter: f225w
(function has the form: y = a*(Teff*log(g)) + b*log(g) + c) 

Fixed parameter: log(g) = 4.5
Number of points (maximum of 72): 15

Two-variable function fit coefficients: 
[ -1.00000000e-05   1.00000000e-01  -9.22392974e-03]
Covariance: 
[[  9.29067591e+09  -1.34036101e+15  -1.51167122e-01]
 [ -1.34036101e+15   1.93373191e+20   2.18087477e+04]
 [ -1.51167122e-01   2.18087477e+04   2.09965024e-05]]


Teff & log(g) function coefficient analysis for filter: f275w
(function has the form: y = a*(Teff*log(g)) + b*log(g) + c) 

Fixed parameter: log(g) = 4.5
Number of points (maximum of 72): 15

Two-variable function fit coefficients: 
[ -1.00000000e-05   1.00000000e-01  -7.23997990e-04]
Covariance: 
[[  8.11770292e-10   5.62676282e-15  -2.24044956e-08]
 [  5.62676282e-15   3.90017474e-20  -1.55296128e-13]
 [ -2.24044956e-08  -1.55296128e-13   1.23670240e-06]]


Teff & log(g) function coefficient analysis for filter: f300x
(function has the form: y = a*(Teff*log(g)) + b*log(g) + c) 

Fixed parameter: log(g) = 4.5
Number of points (maximum of 72): 15

Two-variable function fit coefficients: 
[  1.00000000e-05   1.00000000e-01  -1.27598151e-03]
Covariance: 
[[  3.25163073e-10  -2.25385864e-15  -8.97435483e-09]
 [ -2.25385864e-15   1.56225574e-20   6.22054865e-14]
 [ -8.97435483e-09   6.22054865e-14   4.95374069e-07]]


Teff & log(g) function coefficient analysis for filter: f336w
(function has the form: y = a*(Teff*log(g)) + b*log(g) + c) 

Fixed parameter: log(g) = 4.5
Number of points (maximum of 72): 15

Two-variable function fit coefficients: 
[  1.00000000e-05   1.00000000e-01   2.23999740e-04]
Covariance: 
[[  5.49024955e-12  -3.80555084e-17  -1.51528423e-10]
 [ -3.80555084e-17   2.63780672e-22   1.05031495e-15]
 [ -1.51528423e-10   1.05031495e-15   8.36419471e-09]]


Teff & log(g) function coefficient analysis for filter: f390w
(function has the form: y = a*(Teff*log(g)) + b*log(g) + c) 

Fixed parameter: log(g) = 4.5
Number of points (maximum of 72): 15

Two-variable function fit coefficients: 
[  1.00000000e-05   1.00000000e-01  -7.75998260e-04]
Covariance: 
[[  1.63902645e-10  -1.13608655e-15  -4.52363941e-09]
 [ -1.13608655e-15   7.87475177e-21   3.13554786e-14]
 [ -4.52363941e-09   3.13554786e-14   2.49699695e-07]]


Teff & log(g) function coefficient analysis for filter: f438w
(function has the form: y = a*(Teff*log(g)) + b*log(g) + c) 

Fixed parameter: log(g) = 4.5
Number of points (maximum of 72): 15

Two-variable function fit coefficients: 
[ -1.00000000e-05   1.00000000e-01   7.75994260e-04]
Covariance: 
[[  5.48963378e-12   3.80512416e-17  -1.51511428e-10]
 [  3.80512416e-17   2.63751107e-22  -1.05019718e-15]
 [ -1.51511428e-10  -1.05019718e-15   8.36325661e-09]]


Teff & log(g) function coefficient analysis for filter: f475w
(function has the form: y = a*(Teff*log(g)) + b*log(g) + c) 

Fixed parameter: log(g) = 4.5
Number of points (maximum of 72): 15

Two-variable function fit coefficients: 
[ -1.00000000e-05   1.00000000e-01   2.75998010e-04]
Covariance: 
[[  5.73462508e-11   3.97493915e-16  -1.58273077e-09]
 [  3.97493915e-16   2.75521783e-21  -1.09706536e-14]
 [ -1.58273077e-09  -1.09706536e-14   8.73649191e-08]]


Teff & log(g) function coefficient analysis for filter: f555w
(function has the form: y = a*(Teff*log(g)) + b*log(g) + c) 

Fixed parameter: log(g) = 4.5
Number of points (maximum of 72): 15

Two-variable function fit coefficients: 
[ -1.00000000e-05   1.00000000e-01   7.75994260e-04]
Covariance: 
[[  5.48982486e-12   3.80525661e-17  -1.51516701e-10]
 [  3.80525661e-17   2.63760288e-22  -1.05023374e-15]
 [ -1.51516701e-10  -1.05023374e-15   8.36354772e-09]]


Teff & log(g) function coefficient analysis for filter: f606w
(function has the form: y = a*(Teff*log(g)) + b*log(g) + c) 

Fixed parameter: log(g) = 4.5
Number of points (maximum of 72): 15

Two-variable function fit coefficients: 
[  1.00000000e-05   1.00000000e-01   2.24006740e-04]
Covariance: 
[[  5.48973333e-12  -3.80519309e-17  -1.51514175e-10]
 [ -3.80519309e-17   2.63755880e-22   1.05021621e-15]
 [ -1.51514175e-10   1.05021621e-15   8.36340827e-09]]


Teff & log(g) function coefficient analysis for filter: f625w
(function has the form: y = a*(Teff*log(g)) + b*log(g) + c) 

Fixed parameter: log(g) = 4.5
Number of points (maximum of 72): 15

Two-variable function fit coefficients: 
[ -8.38931086e-11   2.58059942e+00   2.41437282e-09]
Covariance: 
[[  1.02236547e-14   5.94497901e-25  -5.05560760e-14]
 [  5.94497901e-25   3.45696099e-35  -2.93974751e-24]
 [ -5.05560760e-14  -2.93974751e-24   4.99998335e-13]]


Teff & log(g) function coefficient analysis for filter: f775w
(function has the form: y = a*(Teff*log(g)) + b*log(g) + c) 

Fixed parameter: log(g) = 4.5
Number of points (maximum of 72): 15

Two-variable function fit coefficients: 
[ -1.00000000e-05   1.00000000e-01   7.75992760e-04]
Covariance: 
[[  5.48974158e-12   3.80519888e-17  -1.51514403e-10]
 [  3.80519888e-17   2.63756287e-22  -1.05021781e-15]
 [ -1.51514403e-10  -1.05021781e-15   8.36342085e-09]]


Teff & log(g) function coefficient analysis for filter: f814w
(function has the form: y = a*(Teff*log(g)) + b*log(g) + c) 

Fixed parameter: log(g) = 4.5
Number of points (maximum of 72): 15

Two-variable function fit coefficients: 
[  1.00000000e-05   1.00000000e-01   2.24001740e-04]
Covariance: 
[[  5.49004523e-12  -3.80540928e-17  -1.51522784e-10]
 [ -3.80540928e-17   2.63770865e-22   1.05027588e-15]
 [ -1.51522784e-10   1.05027588e-15   8.36388345e-09]]


Teff & log(g) function coefficient analysis for filter: G
(function has the form: y = a*(Teff*log(g)) + b*log(g) + c) 

Fixed parameter: log(g) = 4.5
Number of points (maximum of 72): 15

Two-variable function fit coefficients: 
[ -1.00000000e-05   1.00000000e-01   3.77598226e-03]
Covariance: 
[[  1.63904866e-10   1.13610199e-15  -4.52370072e-09]
 [  1.13610199e-15   7.87485913e-21  -3.13559049e-14]
 [ -4.52370072e-09  -3.13559049e-14   2.49703079e-07]]


Teff & log(g) function coefficient analysis for filter: Gbp
(function has the form: y = a*(Teff*log(g)) + b*log(g) + c) 

Fixed parameter: log(g) = 4.5
Number of points (maximum of 72): 15

Two-variable function fit coefficients: 
[  1.00000000e-05   1.00000000e-01   7.24000490e-04]
Covariance: 
[[  5.73460627e-11  -3.97492612e-16  -1.58272559e-09]
 [ -3.97492612e-16   2.75520880e-21   1.09706176e-14]
 [ -1.58272559e-09   1.09706176e-14   8.73646326e-08]]


Teff & log(g) function coefficient analysis for filter: Grp
(function has the form: y = a*(Teff*log(g)) + b*log(g) + c) 

Fixed parameter: log(g) = 4.5
Number of points (maximum of 72): 15

Two-variable function fit coefficients: 
[ -7.64952524e-10   3.04354713e+00   9.99995744e-04]
Covariance: 
[[  5.17958228e-14   2.74734102e-23  -1.85823559e-13]
 [  2.74734102e-23   1.45723772e-32  -9.85639973e-23]
 [ -1.85823559e-13  -9.85639973e-23   1.33332133e-12]]


