Teff & log(g) function coefficient analysis for filter: f218w
(function has the form: y = a*(Teff*log(g)) + b*log(g) + c) 

Fixed parameter: log(g) = 4.5
Number of points (maximum of 72): 15

Two-variable function fit coefficients: 
[ -1.03185438e-05   2.97938270e+00   9.34491800e-09]
Covariance: 
[[  1.51717791e+06  -2.12125384e+11  -1.30307738e-05]
 [ -2.12125384e+11   2.96584720e+16   1.82190755e+00]
 [ -1.30307738e-05   1.82190755e+00   2.62004329e-11]]


Teff & log(g) function coefficient analysis for filter: f225w
(function has the form: y = a*(Teff*log(g)) + b*log(g) + c) 

Fixed parameter: log(g) = 4.5
Number of points (maximum of 72): 15

Two-variable function fit coefficients: 
[ -1.05635933e-05   2.97889263e+00   2.00001217e-03]
Covariance: 
[[  3.82013122e+06  -5.21724407e+11   2.26951863e-05]
 [ -5.21724407e+11   7.12531433e+16  -3.09953560e+00]
 [  2.26951863e-05  -3.09953560e+00   4.77590038e-11]]


Teff & log(g) function coefficient analysis for filter: f275w
(function has the form: y = a*(Teff*log(g)) + b*log(g) + c) 

Fixed parameter: log(g) = 4.5
Number of points (maximum of 72): 15

Two-variable function fit coefficients: 
[ -1.03797974e-05   2.97926020e+00   2.00000255e-03]
Covariance: 
[[  1.72570234e+05  -2.39856534e+10  -1.50897578e-06]
 [ -2.39856534e+10   3.33378216e+15   2.09733563e-01]
 [ -1.50897578e-06   2.09733563e-01   1.34105935e-12]]


Teff & log(g) function coefficient analysis for filter: f300x
(function has the form: y = a*(Teff*log(g)) + b*log(g) + c) 

Fixed parameter: log(g) = 4.5
Number of points (maximum of 72): 15

Two-variable function fit coefficients: 
[ -1.00000327e-08   3.00000000e+00  -2.99994197e-03]
Covariance: 
[[  1.70240958e+00  -2.45604757e+08  -8.39528076e-14]
 [ -2.45604757e+08   3.54331280e+16   2.58680894e-11]
 [ -8.39528076e-14   2.58680894e-11   2.53606898e-11]]


Teff & log(g) function coefficient analysis for filter: f336w
(function has the form: y = a*(Teff*log(g)) + b*log(g) + c) 

Fixed parameter: log(g) = 4.5
Number of points (maximum of 72): 15

Two-variable function fit coefficients: 
[ -1.29330028e-08   2.99999413e+00  -1.95754311e-09]
Covariance: 
[[  1.40440763e+00  -1.56663676e+08  -2.21077980e-15]
 [ -1.56663676e+08   1.74760569e+16   7.11409868e-12]
 [ -2.21077980e-15   7.11409868e-12   6.67823182e-13]]


Teff & log(g) function coefficient analysis for filter: f390w
(function has the form: y = a*(Teff*log(g)) + b*log(g) + c) 

Fixed parameter: log(g) = 4.5
Number of points (maximum of 72): 15

Two-variable function fit coefficients: 
[ -1.00017143e-08   3.00000000e+00  -1.99998297e-03]
Covariance: 
[[  8.55266119e-01  -1.23367638e+08  -1.35516348e-14]
 [ -1.23367638e+08   1.77951328e+16  -9.39489216e-23]
 [ -1.35516348e-14  -9.39489216e-23   4.09372303e-12]]


Teff & log(g) function coefficient analysis for filter: f438w
(function has the form: y = a*(Teff*log(g)) + b*log(g) + c) 

Fixed parameter: log(g) = 4.5
Number of points (maximum of 72): 15

Two-variable function fit coefficients: 
[ -2.57604770e-06   2.99486785e+00   9.99998483e-04]
Covariance: 
[[  3.88033022e+04  -2.17314814e+10  -5.07534534e-09]
 [ -2.17314814e+10   1.21705436e+16   2.84240635e-03]
 [ -5.07534534e-09   2.84240635e-03   2.81279714e-13]]


Teff & log(g) function coefficient analysis for filter: f475w
(function has the form: y = a*(Teff*log(g)) + b*log(g) + c) 

Fixed parameter: log(g) = 4.5
Number of points (maximum of 72): 15

Two-variable function fit coefficients: 
[ -3.76406408e-06   2.99249180e+00   1.00000242e-03]
Covariance: 
[[  4.67168399e+04  -1.79056873e+10  -1.91248075e-08]
 [ -1.79056873e+10   6.86291360e+15   7.33017867e-03]
 [ -1.91248075e-08   7.33017867e-03   6.51064819e-13]]


Teff & log(g) function coefficient analysis for filter: f555w
(function has the form: y = a*(Teff*log(g)) + b*log(g) + c) 

Fixed parameter: log(g) = 4.5
Number of points (maximum of 72): 15

Two-variable function fit coefficients: 
[ -2.76381473e-06   2.99449232e+00   9.99999103e-04]
Covariance: 
[[  2.72951877e+04  -1.42479278e+10  -4.41100952e-09]
 [ -1.42479278e+10   7.43733470e+15   2.30252017e-03]
 [ -4.41100952e-09   2.30252017e-03   5.30868547e-13]]


Teff & log(g) function coefficient analysis for filter: f606w
(function has the form: y = a*(Teff*log(g)) + b*log(g) + c) 

Fixed parameter: log(g) = 4.5
Number of points (maximum of 72): 15

Two-variable function fit coefficients: 
[ -1.00014674e-08   3.00000000e+00   1.20326488e-08]
Covariance: 
[[  9.35435046e-01  -1.34934961e+08  -3.87866404e-15]
 [ -1.34934961e+08   1.94641452e+16   9.47612763e-12]
 [ -3.87866404e-15   9.47612763e-12   1.17165992e-12]]


Teff & log(g) function coefficient analysis for filter: f625w
(function has the form: y = a*(Teff*log(g)) + b*log(g) + c) 

Fixed parameter: log(g) = 4.5
Number of points (maximum of 72): 15

Two-variable function fit coefficients: 
[ -1.10581090e-08   2.99999788e+00   4.03622655e-09]
Covariance: 
[[  2.13810639e+00  -2.78947811e+08  -1.65707566e-15]
 [ -2.78947811e+08   3.63928948e+16   2.16599920e-11]
 [ -1.65707566e-15   2.16599920e-11   5.00525522e-13]]


Teff & log(g) function coefficient analysis for filter: f775w
(function has the form: y = a*(Teff*log(g)) + b*log(g) + c) 

Fixed parameter: log(g) = 4.5
Number of points (maximum of 72): 15

Two-variable function fit coefficients: 
[ -2.98274751e-06   2.99405445e+00   9.99996828e-04]
Covariance: 
[[  3.07438018e+04  -1.48701594e+10  -6.25077432e-09]
 [ -1.48701594e+10   7.19239741e+15   3.02337317e-03]
 [ -6.25077432e-09   3.02337317e-03   5.09028764e-13]]


Teff & log(g) function coefficient analysis for filter: f814w
(function has the form: y = a*(Teff*log(g)) + b*log(g) + c) 

Fixed parameter: log(g) = 4.5
Number of points (maximum of 72): 15

Two-variable function fit coefficients: 
[ -1.01720445e-08   2.99999966e+00   2.03334786e-09]
Covariance: 
[[  1.71417214e+00  -2.43119945e+08  -2.21194932e-15]
 [ -2.43119945e+08   3.44815472e+16   1.73653807e-11]
 [ -2.21194932e-15   1.73653807e-11   6.68156196e-13]]


Teff & log(g) function coefficient analysis for filter: G
(function has the form: y = a*(Teff*log(g)) + b*log(g) + c) 

Fixed parameter: log(g) = 4.5
Number of points (maximum of 72): 15

Two-variable function fit coefficients: 
[ -1.26397787e-05   2.97474021e+00   4.99999321e-03]
Covariance: 
[[  3.02421104e+05  -3.45181227e+10   2.85941323e-06]
 [ -3.45181227e+10   3.93987316e+15  -3.26371327e-01]
 [  2.85941323e-06  -3.26371327e-01   2.24968772e-12]]


Teff & log(g) function coefficient analysis for filter: Gbp
(function has the form: y = a*(Teff*log(g)) + b*log(g) + c) 

Fixed parameter: log(g) = 4.5
Number of points (maximum of 72): 15

Two-variable function fit coefficients: 
[ -1.00119167e-08   2.99999998e+00   7.03275300e-09]
Covariance: 
[[  1.92871065e+00  -2.77922957e+08  -3.04846907e-15]
 [ -2.77922957e+08   4.00480861e+16  -2.11554403e-23]
 [ -3.04846907e-15  -2.11554403e-23   9.20891712e-13]]


Teff & log(g) function coefficient analysis for filter: Grp
(function has the form: y = a*(Teff*log(g)) + b*log(g) + c) 

Fixed parameter: log(g) = 4.5
Number of points (maximum of 72): 15

Two-variable function fit coefficients: 
[ -3.26404976e-06   2.99349184e+00   9.99996759e-04]
Covariance: 
[[  4.82825626e+04  -2.13406720e+10  -1.28732921e-08]
 [ -2.13406720e+10   9.43247947e+15   5.68993561e-03]
 [ -1.28732921e-08   5.68993561e-03   4.45317928e-13]]


