Teff & log(g) function coefficient analysis for filter: f218w
(function has the form: y = a*(Teff*log(g)) + b*log(g) + c) 

Fixed parameter: log(g) = 4.5
Number of points (maximum of 72): 15

Two-variable function fit coefficients: 
[  1.20082336e-04   1.02446578e+00   4.94892682e-03]
Covariance: 
[[  1.65705308e+07   1.99081922e+11   1.95185268e-04]
 [  1.99081922e+11   2.39181305e+15   2.34499823e+00]
 [  1.95185268e-04   2.34499823e+00   3.48089075e-08]]


Teff & log(g) function coefficient analysis for filter: f225w
(function has the form: y = a*(Teff*log(g)) + b*log(g) + c) 

Fixed parameter: log(g) = 4.5
Number of points (maximum of 72): 15

Two-variable function fit coefficients: 
[  3.40684152e-05   1.00864219e+00  -2.57398122e-02]
Covariance: 
[[  1.47658860e-15  -3.48687920e-20  -7.33889038e-13]
 [ -3.48687920e-20   8.23406506e-25   1.73303679e-17]
 [ -7.33889038e-13   1.73303679e-17   7.29507953e-10]]


Teff & log(g) function coefficient analysis for filter: f275w
(function has the form: y = a*(Teff*log(g)) + b*log(g) + c) 

Fixed parameter: log(g) = 4.5
Number of points (maximum of 72): 15

Two-variable function fit coefficients: 
[ -5.47479698e-06   1.00089704e+00   5.26780202e-03]
Covariance: 
[[  2.22784425e-16   8.45431287e-22  -1.11323598e-13]
 [  8.45431287e-22   3.20827662e-27  -4.22455273e-19]
 [ -1.11323598e-13  -4.22455273e-19   1.11254705e-10]]


Teff & log(g) function coefficient analysis for filter: f300x
(function has the form: y = a*(Teff*log(g)) + b*log(g) + c) 

Fixed parameter: log(g) = 4.5
Number of points (maximum of 72): 15

Two-variable function fit coefficients: 
[ -9.73446740e-06   1.00006106e+00   9.27281581e-04]
Covariance: 
[[  3.72639223e-16   2.51435286e-21  -1.86312774e-13]
 [  2.51435286e-21   1.69653915e-26  -1.25713031e-18]
 [ -1.86312774e-13  -1.25713031e-18   1.86305399e-10]]


Teff & log(g) function coefficient analysis for filter: f336w
(function has the form: y = a*(Teff*log(g)) + b*log(g) + c) 

Fixed parameter: log(g) = 4.5
Number of points (maximum of 72): 15

Two-variable function fit coefficients: 
[ -1.17338339e-06   1.00176698e+00   4.58295180e-04]
Covariance: 
[[  4.99491864e-18   4.06250430e-24  -2.49441639e-15]
 [  4.06250430e-24   3.30414615e-30  -2.02877737e-21]
 [ -2.49441639e-15  -2.02877737e-21   2.49136996e-12]]


Teff & log(g) function coefficient analysis for filter: f390w
(function has the form: y = a*(Teff*log(g)) + b*log(g) + c) 

Fixed parameter: log(g) = 4.5
Number of points (maximum of 72): 15

Two-variable function fit coefficients: 
[  8.83605692e-06   1.00370545e+00  -1.79645007e-03]
Covariance: 
[[  1.68902821e-16  -1.03447705e-21  -8.42352558e-14]
 [ -1.03447705e-21   6.33584894e-27   5.15914634e-19]
 [ -8.42352558e-14   5.15914634e-19   8.40194114e-11]]


Teff & log(g) function coefficient analysis for filter: f438w
(function has the form: y = a*(Teff*log(g)) + b*log(g) + c) 

Fixed parameter: log(g) = 4.5
Number of points (maximum of 72): 15

Two-variable function fit coefficients: 
[  3.59649972e-07   1.00208809e+00   1.11770294e-03]
Covariance: 
[[  7.15974212e-18  -1.78485456e-24  -3.57471356e-15]
 [ -1.78485456e-24   4.44947003e-31   8.91141496e-22]
 [ -3.57471356e-15   8.91141496e-22   3.56955318e-12]]


Teff & log(g) function coefficient analysis for filter: f475w
(function has the form: y = a*(Teff*log(g)) + b*log(g) + c) 

Fixed parameter: log(g) = 4.5
Number of points (maximum of 72): 15

Two-variable function fit coefficients: 
[ -2.29899269e-06   1.00153697e+00   8.98910101e-04]
Covariance: 
[[  1.11174547e-17   1.77161102e-23  -5.55283976e-15]
 [  1.77161102e-23   2.82313325e-29  -8.84867203e-21]
 [ -5.55283976e-15  -8.84867203e-21   5.54694237e-12]]


Teff & log(g) function coefficient analysis for filter: f555w
(function has the form: y = a*(Teff*log(g)) + b*log(g) + c) 

Fixed parameter: log(g) = 4.5
Number of points (maximum of 72): 15

Two-variable function fit coefficients: 
[ -9.25378602e-07   1.00181424e+00   1.50517476e-04]
Covariance: 
[[  5.16429320e-18   3.31249908e-24  -2.57891601e-15]
 [  3.31249908e-24   2.12471480e-30  -1.65417724e-21]
 [ -2.57891601e-15  -1.65417724e-21   2.57568202e-12]]


Teff & log(g) function coefficient analysis for filter: f606w
(function has the form: y = a*(Teff*log(g)) + b*log(g) + c) 

Fixed parameter: log(g) = 4.5
Number of points (maximum of 72): 15

Two-variable function fit coefficients: 
[ -2.58996533e-07   1.00194732e+00  -6.53740740e-05]
Covariance: 
[[  4.61731157e-18   8.28912322e-25  -2.30555468e-15]
 [  8.28912322e-25   1.48808593e-31  -4.13899449e-22]
 [ -2.30555468e-15  -4.13899449e-22   2.30245109e-12]]


Teff & log(g) function coefficient analysis for filter: f625w
(function has the form: y = a*(Teff*log(g)) + b*log(g) + c) 

Fixed parameter: log(g) = 4.5
Number of points (maximum of 72): 15

Two-variable function fit coefficients: 
[ -7.96994059e-07   1.00183848e+00  -1.20013093e-04]
Covariance: 
[[  3.52752426e-18   1.94872460e-24  -1.76152585e-15]
 [  1.94872460e-24   1.07654187e-30  -9.73126715e-22]
 [ -1.76152585e-15  -9.73126715e-22   1.75928731e-12]]


Teff & log(g) function coefficient analysis for filter: f775w
(function has the form: y = a*(Teff*log(g)) + b*log(g) + c) 

Fixed parameter: log(g) = 4.5
Number of points (maximum of 72): 15

Two-variable function fit coefficients: 
[ -4.44096805e-07   1.00190975e+00   7.52371231e-04]
Covariance: 
[[  1.16028637e-18   3.57164160e-25  -5.79378997e-16]
 [  3.57164160e-25   1.09943752e-31  -1.78346668e-22]
 [ -5.79378997e-16  -1.78346668e-22   5.78614141e-13]]


Teff & log(g) function coefficient analysis for filter: f814w
(function has the form: y = a*(Teff*log(g)) + b*log(g) + c) 

Fixed parameter: log(g) = 4.5
Number of points (maximum of 72): 15

Two-variable function fit coefficients: 
[ -1.08704077e-06   1.00178145e+00   8.92007844e-04]
Covariance: 
[[  2.01832743e-18   1.52076708e-24  -1.00792403e-15]
 [  1.52076708e-24   1.14586588e-30  -7.59449115e-22]
 [ -1.00792403e-15  -7.59449115e-22   1.00668295e-12]]


Teff & log(g) function coefficient analysis for filter: G
(function has the form: y = a*(Teff*log(g)) + b*log(g) + c) 

Fixed parameter: log(g) = 4.5
Number of points (maximum of 72): 15

Two-variable function fit coefficients: 
[ -7.77422052e-06   1.00044560e+00   3.04514203e-03]
Covariance: 
[[  1.49031432e-16   8.03082526e-22  -7.44931228e-14]
 [  8.03082526e-22   4.32755383e-27  -4.01419500e-19]
 [ -7.44931228e-14  -4.01419500e-19   7.44703214e-11]]


Teff & log(g) function coefficient analysis for filter: Gbp
(function has the form: y = a*(Teff*log(g)) + b*log(g) + c) 

Fixed parameter: log(g) = 4.5
Number of points (maximum of 72): 15

Two-variable function fit coefficients: 
[ -4.66186873e-07   1.00189299e+00   2.79936575e-03]
Covariance: 
[[  2.24220907e-17   7.24538847e-24  -1.11964077e-14]
 [  7.24538847e-24   2.34124707e-30  -3.61796477e-21]
 [ -1.11964077e-14  -3.61796477e-21   1.11817569e-11]]


Teff & log(g) function coefficient analysis for filter: Grp
(function has the form: y = a*(Teff*log(g)) + b*log(g) + c) 

Fixed parameter: log(g) = 4.5
Number of points (maximum of 72): 15

Two-variable function fit coefficients: 
[ -1.73280555e-06   1.00165253e+00   1.30495059e-03]
Covariance: 
[[  2.86586376e-18   3.44215808e-24  -1.43129953e-15]
 [  3.44215808e-24   4.13433899e-30  -1.71911837e-21]
 [ -1.43129953e-15  -1.71911837e-21   1.42966490e-12]]


