Fixed parameter: Teff = 50000.0
Number of points: 1
Quadratic fit coefficients: 
[ 0.  0.  0.]
Covariance: 
[[ inf  inf  inf]
 [ inf  inf  inf]
 [ inf  inf  inf]]

Fixed parameter: Teff = 49000.0
Number of points: 2
Quadratic fit coefficients: 
[ 0.  0.  0.]
Covariance: 
[[ inf  inf  inf]
 [ inf  inf  inf]
 [ inf  inf  inf]]

Fixed parameter: Teff = 48000.0
Number of points: 2
Quadratic fit coefficients: 
[-0.00032838  0.00111963  0.00261143]
Covariance: 
[[ inf  inf  inf]
 [ inf  inf  inf]
 [ inf  inf  inf]]

Fixed parameter: Teff = 47000.0
Number of points: 2
Quadratic fit coefficients: 
[ 0.  0.  0.]
Covariance: 
[[ inf  inf  inf]
 [ inf  inf  inf]
 [ inf  inf  inf]]

Fixed parameter: Teff = 46000.0
Number of points: 2
Quadratic fit coefficients: 
[ 0.00032838 -0.00111963 -0.00261143]
Covariance: 
[[ inf  inf  inf]
 [ inf  inf  inf]
 [ inf  inf  inf]]

Fixed parameter: Teff = 45000.0
Number of points: 2
Quadratic fit coefficients: 
[ 0.  0.  0.]
Covariance: 
[[ inf  inf  inf]
 [ inf  inf  inf]
 [ inf  inf  inf]]

Fixed parameter: Teff = 44000.0
Number of points: 2
Quadratic fit coefficients: 
[ 0.  0.  0.]
Covariance: 
[[ inf  inf  inf]
 [ inf  inf  inf]
 [ inf  inf  inf]]

Fixed parameter: Teff = 43000.0
Number of points: 2
Quadratic fit coefficients: 
[ 0.00032838 -0.00111963 -0.00261143]
Covariance: 
[[ inf  inf  inf]
 [ inf  inf  inf]
 [ inf  inf  inf]]

Fixed parameter: Teff = 42000.0
Number of points: 2
Quadratic fit coefficients: 
[ 0.  0.  0.]
Covariance: 
[[ inf  inf  inf]
 [ inf  inf  inf]
 [ inf  inf  inf]]

Fixed parameter: Teff = 41000.0
Number of points: 2
Quadratic fit coefficients: 
[ 0.  0.  0.]
Covariance: 
[[ inf  inf  inf]
 [ inf  inf  inf]
 [ inf  inf  inf]]

Fixed parameter: Teff = 40000.0
Number of points: 2
Quadratic fit coefficients: 
[ 0.  0.  0.]
Covariance: 
[[ inf  inf  inf]
 [ inf  inf  inf]
 [ inf  inf  inf]]

Fixed parameter: Teff = 39000.0
Number of points: 3
Quadratic fit coefficients: 
[ 0.  0.  0.]
Covariance: 
[[ inf  inf  inf]
 [ inf  inf  inf]
 [ inf  inf  inf]]

Fixed parameter: Teff = 38000.0
Number of points: 3
Quadratic fit coefficients: 
[ 0.  0.  0.]
Covariance: 
[[ inf  inf  inf]
 [ inf  inf  inf]
 [ inf  inf  inf]]

Fixed parameter: Teff = 37000.0
Number of points: 3
Quadratic fit coefficients: 
[-0.004       0.036      -0.07999999]
Covariance: 
[[ inf  inf  inf]
 [ inf  inf  inf]
 [ inf  inf  inf]]

Fixed parameter: Teff = 36000.0
Number of points: 3
Quadratic fit coefficients: 
[ 0.002 -0.017  0.035]
Covariance: 
[[ inf  inf  inf]
 [ inf  inf  inf]
 [ inf  inf  inf]]

Fixed parameter: Teff = 35000.0
Number of points: 3
Quadratic fit coefficients: 
[-0.002  0.017 -0.035]
Covariance: 
[[ inf  inf  inf]
 [ inf  inf  inf]
 [ inf  inf  inf]]

Fixed parameter: Teff = 34000.0
Number of points: 3
Quadratic fit coefficients: 
[ 0.002 -0.019  0.045]
Covariance: 
[[ inf  inf  inf]
 [ inf  inf  inf]
 [ inf  inf  inf]]

Fixed parameter: Teff = 33000.0
Number of points: 3
Quadratic fit coefficients: 
[ 0.002 -0.019  0.045]
Covariance: 
[[ inf  inf  inf]
 [ inf  inf  inf]
 [ inf  inf  inf]]

Fixed parameter: Teff = 32000.0
Number of points: 3
Quadratic fit coefficients: 
[ 0.  0.  0.]
Covariance: 
[[ inf  inf  inf]
 [ inf  inf  inf]
 [ inf  inf  inf]]

Fixed parameter: Teff = 31000.0
Number of points: 4
Quadratic fit coefficients: 
[-0.001    0.0079  -0.01445]
Covariance: 
[[  2.00000000e-07  -1.70000000e-06   3.55000000e-06]
 [ -1.70000000e-06   1.44900000e-05  -3.03450000e-05]
 [  3.55000000e-06  -3.03450000e-05   6.37475000e-05]]

Fixed parameter: Teff = 30000.0
Number of points: 4
Quadratic fit coefficients: 
[ 0.001   -0.0083   0.01665]
Covariance: 
[[  1.80000000e-06  -1.53000000e-05   3.19500000e-05]
 [ -1.53000000e-05   1.30410000e-04  -2.73105000e-04]
 [  3.19500000e-05  -2.73105000e-04   5.73727500e-04]]

Fixed parameter: Teff = 29000.0
Number of points: 4
Quadratic fit coefficients: 
[ 0.001   -0.0079   0.01445]
Covariance: 
[[  2.00000000e-07  -1.70000000e-06   3.55000000e-06]
 [ -1.70000000e-06   1.44900000e-05  -3.03450000e-05]
 [  3.55000000e-06  -3.03450000e-05   6.37475000e-05]]

Fixed parameter: Teff = 28000.0
Number of points: 4
Quadratic fit coefficients: 
[ 0.  0.  0.]
Covariance: 
[[ 0. -0.  0.]
 [-0.  0. -0.]
 [ 0. -0.  0.]]

Fixed parameter: Teff = 27000.0
Number of points: 4
Quadratic fit coefficients: 
[-0.001    0.0091  -0.02055]
Covariance: 
[[  2.00000000e-07  -1.70000000e-06   3.55000000e-06]
 [ -1.70000000e-06   1.44900000e-05  -3.03450000e-05]
 [  3.55000000e-06  -3.03450000e-05   6.37475000e-05]]

Fixed parameter: Teff = 26000.0
Number of points: 5
Quadratic fit coefficients: 
[-0.0005714   0.00417123 -0.00645676]
Covariance: 
[[  6.53061228e-08  -5.22448982e-07   1.01224490e-06]
 [ -5.22448982e-07   4.20244900e-06  -8.18938779e-06]
 [  1.01224490e-06  -8.18938779e-06   1.60669388e-05]]

Fixed parameter: Teff = 25000.0
Number of points: 5
Quadratic fit coefficients: 
[-0.00028571  0.0024857  -0.00502855]
Covariance: 
[[  3.59183673e-07  -2.87346939e-06   5.56734694e-06]
 [ -2.87346939e-06   2.31134694e-05  -4.50416327e-05]
 [  5.56734694e-06  -4.50416327e-05   8.83681633e-05]]

Fixed parameter: Teff = 24000.0
Number of points: 5
Quadratic fit coefficients: 
[-0.00057143  0.0049714  -0.01065709]
Covariance: 
[[  6.53061225e-08  -5.22448980e-07   1.01224490e-06]
 [ -5.22448980e-07   4.20244898e-06  -8.18938776e-06]
 [  1.01224490e-06  -8.18938776e-06   1.60669388e-05]]

Fixed parameter: Teff = 23000.0
Number of points: 5
Quadratic fit coefficients: 
[-0.00028571  0.0024857  -0.00502855]
Covariance: 
[[  3.59183673e-07  -2.87346939e-06   5.56734694e-06]
 [ -2.87346939e-06   2.31134694e-05  -4.50416327e-05]
 [  5.56734694e-06  -4.50416327e-05   8.83681633e-05]]

Fixed parameter: Teff = 22000.0
Number of points: 5
Quadratic fit coefficients: 
[ 0.  0.  0.]
Covariance: 
[[  2.25388830e-31  -1.80311064e-30   3.49352687e-30]
 [ -1.80311064e-30   1.45037712e-29  -2.82637593e-29]
 [  3.49352687e-30  -2.82637593e-29   5.54512869e-29]]

Fixed parameter: Teff = 21000.0
Number of points: 5
Quadratic fit coefficients: 
[ 0.  0.  0.]
Covariance: 
[[  1.12694415e-31  -9.01555320e-31   1.74676343e-30]
 [ -9.01555320e-31   7.25188561e-30  -1.41318796e-29]
 [  1.74676343e-30  -1.41318796e-29   2.77256435e-29]]

Fixed parameter: Teff = 20000.0
Number of points: 5
Quadratic fit coefficients: 
[-0.00028571  0.00208571 -0.00342856]
Covariance: 
[[  3.59183673e-07  -2.87346939e-06   5.56734694e-06]
 [ -2.87346939e-06   2.31134694e-05  -4.50416327e-05]
 [  5.56734694e-06  -4.50416327e-05   8.83681633e-05]]

Fixed parameter: Teff = 19000.0
Number of points: 6
Quadratic fit coefficients: 
[ 0.00035714 -0.00245     0.00357142]
Covariance: 
[[  1.15306122e-07  -8.64795918e-07   1.53741497e-06]
 [ -8.64795918e-07   6.54746599e-06  -1.17612245e-05]
 [  1.53741497e-06  -1.17612245e-05   2.14085034e-05]]

Fixed parameter: Teff = 18000.0
Number of points: 6
Quadratic fit coefficients: 
[ 0.  0.  0.]
Covariance: 
[[  2.11302028e-32  -1.58476521e-31   2.81736038e-31]
 [ -1.58476521e-31   1.19984335e-30  -2.15528069e-30]
 [  2.81736038e-31  -2.15528069e-30   3.92317432e-30]]

Fixed parameter: Teff = 17000.0
Number of points: 6
Quadratic fit coefficients: 
[-0.00014286  0.00107143 -0.00157143]
Covariance: 
[[  1.83673469e-07  -1.37755102e-06   2.44897959e-06]
 [ -1.37755102e-06   1.04295918e-05  -1.87346939e-05]
 [  2.44897959e-06  -1.87346939e-05   3.41020408e-05]]

Fixed parameter: Teff = 16000.0
Number of points: 6
Quadratic fit coefficients: 
[-0.00035714  0.00296428 -0.006     ]
Covariance: 
[[  2.55102041e-08  -1.91326531e-07   3.40136054e-07]
 [ -1.91326531e-07   1.44855442e-06  -2.60204082e-06]
 [  3.40136054e-07  -2.60204082e-06   4.73639456e-06]]

Fixed parameter: Teff = 15000.0
Number of points: 6
Quadratic fit coefficients: 
[ 0.00028571 -0.00208571  0.00342857]
Covariance: 
[[  8.97959184e-08  -6.73469388e-07   1.19727891e-06]
 [ -6.73469388e-07   5.09891156e-06  -9.15918367e-06]
 [  1.19727891e-06  -9.15918367e-06   1.66721088e-05]]

Fixed parameter: Teff = 14000.0
Number of points: 7
Quadratic fit coefficients: 
[-0.00019048  0.00133333 -0.002     ]
Covariance: 
[[  3.17460317e-08  -2.22222222e-07   3.57142857e-07]
 [ -2.22222222e-07   1.57936508e-06  -2.58333333e-06]
 [  3.57142857e-07  -2.58333333e-06   4.33333333e-06]]

Fixed parameter: Teff = 13000.0
Number of points: 6
Quadratic fit coefficients: 
[ 0.00035714 -0.00239285  0.00285712]
Covariance: 
[[  2.55102041e-08  -1.91326531e-07   3.40136054e-07]
 [ -1.91326531e-07   1.44855442e-06  -2.60204082e-06]
 [  3.40136054e-07  -2.60204082e-06   4.73639456e-06]]

Fixed parameter: Teff = 12750.0
Number of points: 6
Quadratic fit coefficients: 
[  3.57148788e-10   5.71425850e-04  -3.14285222e-03]
Covariance: 
[[  8.16326531e-08  -6.12244898e-07   1.08843537e-06]
 [ -6.12244898e-07   4.63537415e-06  -8.32653061e-06]
 [  1.08843537e-06  -8.32653061e-06   1.51564626e-05]]

Fixed parameter: Teff = 12500.0
Number of points: 6
Quadratic fit coefficients: 
[ -7.14285164e-05   8.78571010e-04  -2.57142782e-03]
Covariance: 
[[  1.15306122e-07  -8.64795918e-07   1.53741497e-06]
 [ -8.64795918e-07   6.54746599e-06  -1.17612245e-05]
 [  1.53741497e-06  -1.17612245e-05   2.14085034e-05]]

Fixed parameter: Teff = 12250.0
Number of points: 6
Quadratic fit coefficients: 
[ -7.14285164e-05   8.78571010e-04  -2.57142782e-03]
Covariance: 
[[  1.15306122e-07  -8.64795918e-07   1.53741497e-06]
 [ -8.64795918e-07   6.54746599e-06  -1.17612245e-05]
 [  1.53741497e-06  -1.17612245e-05   2.14085034e-05]]

Fixed parameter: Teff = 12000.0
Number of points: 6
Quadratic fit coefficients: 
[  6.41049845e-11   5.14285226e-04  -2.42857054e-03]
Covariance: 
[[  4.89795918e-08  -3.67346939e-07   6.53061224e-07]
 [ -3.67346939e-07   2.78122449e-06  -4.99591837e-06]
 [  6.53061224e-07  -4.99591837e-06   9.09387755e-06]]

Fixed parameter: Teff = 11750.0
Number of points: 7
Quadratic fit coefficients: 
[-0.0002381   0.00202381 -0.00421429]
Covariance: 
[[  1.13378685e-08  -7.93650794e-08   1.27551020e-07]
 [ -7.93650794e-08   5.64058957e-07  -9.22619048e-07]
 [  1.27551020e-07  -9.22619048e-07   1.54761905e-06]]

Fixed parameter: Teff = 11500.0
Number of points: 7
Quadratic fit coefficients: 
[  9.23654548e-11   5.71427908e-04  -3.14285604e-03]
Covariance: 
[[  2.72108844e-08  -1.90476190e-07   3.06122449e-07]
 [ -1.90476190e-07   1.35374150e-06  -2.21428571e-06]
 [  3.06122449e-07  -2.21428571e-06   3.71428571e-06]]

Fixed parameter: Teff = 11250.0
Number of points: 7
Quadratic fit coefficients: 
[  9.23655234e-11   5.71427908e-04  -3.14285604e-03]
Covariance: 
[[  2.72108844e-08  -1.90476190e-07   3.06122449e-07]
 [ -1.90476190e-07   1.35374150e-06  -2.21428571e-06]
 [  3.06122449e-07  -2.21428571e-06   3.71428571e-06]]

Fixed parameter: Teff = 11000.0
Number of points: 7
Quadratic fit coefficients: 
[ 0.00019048 -0.0007619  -0.00114286]
Covariance: 
[[  4.53514739e-08  -3.17460317e-07   5.10204082e-07]
 [ -3.17460317e-07   2.25623583e-06  -3.69047619e-06]
 [  5.10204082e-07  -3.69047619e-06   6.19047619e-06]]

Fixed parameter: Teff = 10750.0
Number of points: 7
Quadratic fit coefficients: 
[  4.60325923e-11   5.71428241e-04  -2.85714231e-03]
Covariance: 
[[  2.72108844e-08  -1.90476190e-07   3.06122449e-07]
 [ -1.90476190e-07   1.35374150e-06  -2.21428571e-06]
 [  3.06122449e-07  -2.21428571e-06   3.71428571e-06]]

Fixed parameter: Teff = 10500.0
Number of points: 7
Quadratic fit coefficients: 
[  4.60326357e-11   5.71428241e-04  -2.85714231e-03]
Covariance: 
[[  2.72108844e-08  -1.90476190e-07   3.06122449e-07]
 [ -1.90476190e-07   1.35374150e-06  -2.21428571e-06]
 [  3.06122449e-07  -2.21428571e-06   3.71428571e-06]]

Fixed parameter: Teff = 10250.0
Number of points: 7
Quadratic fit coefficients: 
[  9.52380952e-05  -2.38095238e-04  -1.00000000e-03]
Covariance: 
[[  1.81405896e-08  -1.26984127e-07   2.04081633e-07]
 [ -1.26984127e-07   9.02494331e-07  -1.47619048e-06]
 [  2.04081633e-07  -1.47619048e-06   2.47619048e-06]]

Fixed parameter: Teff = 10000.0
Number of points: 7
Quadratic fit coefficients: 
[ 0.00014286 -0.00035714 -0.00192857]
Covariance: 
[[  2.04081633e-08  -1.42857143e-07   2.29591837e-07]
 [ -1.42857143e-07   1.01530612e-06  -1.66071429e-06]
 [  2.29591837e-07  -1.66071429e-06   2.78571429e-06]]

Fixed parameter: Teff = 9750.0
Number of points: 7
Quadratic fit coefficients: 
[ -9.52380731e-05   1.09523794e-03  -2.99999974e-03]
Covariance: 
[[  1.81405896e-08  -1.26984127e-07   2.04081633e-07]
 [ -1.26984127e-07   9.02494331e-07  -1.47619048e-06]
 [  2.04081633e-07  -1.47619048e-06   2.47619048e-06]]

Fixed parameter: Teff = 9500.0
Number of points: 7
Quadratic fit coefficients: 
[  6.38864135e-11   7.14285256e-04  -3.35714210e-03]
Covariance: 
[[  6.12244898e-08  -4.28571429e-07   6.88775510e-07]
 [ -4.28571429e-07   3.04591837e-06  -4.98214286e-06]
 [  6.88775510e-07  -4.98214286e-06   8.35714286e-06]]

Fixed parameter: Teff = 9250.0
Number of points: 7
Quadratic fit coefficients: 
[ 0.00014286 -0.00035714 -0.00192857]
Covariance: 
[[  2.04081633e-08  -1.42857143e-07   2.29591837e-07]
 [ -1.42857143e-07   1.01530612e-06  -1.66071429e-06]
 [  2.29591837e-07  -1.66071429e-06   2.78571429e-06]]

Fixed parameter: Teff = 9000.0
Number of points: 8
Quadratic fit coefficients: 
[  1.74747379e-11   7.14285596e-04  -3.32142839e-03]
Covariance: 
[[  1.22448980e-08  -7.95918367e-08   1.13265306e-07]
 [ -7.95918367e-08   5.29591837e-07  -7.76020408e-07]
 [  1.13265306e-07  -7.76020408e-07   1.19311224e-06]]

Fixed parameter: Teff = 8750.0
Number of points: 8
Quadratic fit coefficients: 
[  1.74747591e-11   7.14285596e-04  -3.32142839e-03]
Covariance: 
[[  1.22448980e-08  -7.95918367e-08   1.13265306e-07]
 [ -7.95918367e-08   5.29591837e-07  -7.76020408e-07]
 [  1.13265306e-07  -7.76020408e-07   1.19311224e-06]]

Fixed parameter: Teff = 8500.0
Number of points: 8
Quadratic fit coefficients: 
[-0.00019048  0.00190476 -0.00467857]
Covariance: 
[[  8.61678005e-09  -5.60090703e-08   7.97052154e-08]
 [ -5.60090703e-08   3.72675737e-07  -5.46088435e-07]
 [  7.97052154e-08  -5.46088435e-07   8.39597506e-07]]

Fixed parameter: Teff = 8250.0
Number of points: 9
Quadratic fit coefficients: 
[ -3.89610378e-05   7.33766226e-04  -2.45238094e-03]
Covariance: 
[[  1.92275257e-08  -1.15365154e-07   1.41001855e-07]
 [ -1.15365154e-07   7.16866251e-07  -9.20037106e-07]
 [  1.41001855e-07  -9.20037106e-07   1.29721707e-06]]

Fixed parameter: Teff = 8000.0
Number of points: 9
Quadratic fit coefficients: 
[ -4.32900430e-05   7.93073591e-04  -2.36190476e-03]
Covariance: 
[[  1.66188790e-08  -9.97132737e-08   1.21871779e-07]
 [ -9.97132737e-08   6.19607204e-07  -7.95213358e-07]
 [  1.21871779e-07  -7.95213358e-07   1.12122037e-06]]

Fixed parameter: Teff = 7750.0
Number of points: 9
Quadratic fit coefficients: 
[-0.0001645   0.00145368 -0.0031619 ]
Covariance: 
[[  3.76304792e-09  -2.25782875e-08   2.75956847e-08]
 [ -2.25782875e-08   1.40298970e-07  -1.80061843e-07]
 [  2.75956847e-08  -1.80061843e-07   2.53880300e-07]]

Fixed parameter: Teff = 7500.0
Number of points: 10
Quadratic fit coefficients: 
[-0.00010606  0.00111667 -0.00285   ]
Covariance: 
[[  5.89662862e-09  -3.24314574e-08   3.24314574e-08]
 [ -3.24314574e-08   1.87807622e-07  -2.04318182e-07]
 [  3.24314574e-08  -2.04318182e-07   2.69181097e-07]]

Fixed parameter: Teff = 7250.0
Number of points: 10
Quadratic fit coefficients: 
[-0.00028788  0.00193485 -0.00245   ]
Covariance: 
[[  6.99855700e-09  -3.84920635e-08   3.84920635e-08]
 [ -3.84920635e-08   2.22904040e-07  -2.42500000e-07]
 [  3.84920635e-08  -2.42500000e-07   3.19484127e-07]]

Fixed parameter: Teff = 7000.0
Number of points: 10
Quadratic fit coefficients: 
[-0.00034848  0.0022803  -0.00291667]
Covariance: 
[[  5.47684639e-09  -3.01226551e-08   3.01226551e-08]
 [ -3.01226551e-08   1.74437557e-07  -1.89772727e-07]
 [  3.01226551e-08  -1.89772727e-07   2.50018038e-07]]

Fixed parameter: Teff = 6750.0
Number of points: 10
Quadratic fit coefficients: 
[-0.00031818  0.0019197  -0.00181667]
Covariance: 
[[  2.01364292e-09  -1.10750361e-08   1.10750361e-08]
 [ -1.10750361e-08   6.41345271e-08  -6.97727273e-08]
 [  1.10750361e-08  -6.97727273e-08   9.19227994e-08]]

Fixed parameter: Teff = 6500.0
Number of points: 10
Quadratic fit coefficients: 
[-0.00024242  0.00144242 -0.00133333]
Covariance: 
[[  8.29069920e-09  -4.55988456e-08   4.55988456e-08]
 [ -4.55988456e-08   2.64058770e-07  -2.87272727e-07]
 [  4.55988456e-08  -2.87272727e-07   3.78470418e-07]]

Fixed parameter: Teff = 6250.0
Number of points: 10
Quadratic fit coefficients: 
[  7.57575757e-05  -3.80303030e-04   1.66666666e-05]
Covariance: 
[[  8.15295815e-09  -4.48412698e-08   4.48412698e-08]
 [ -4.48412698e-08   2.59671717e-07  -2.82500000e-07]
 [  4.48412698e-08  -2.82500000e-07   3.72182540e-07]]

Fixed parameter: Teff = 6000.0
Number of points: 11
Quadratic fit coefficients: 
[ 0.  0.  0.]
Covariance: 
[[ 0. -0.  0.]
 [-0.  0. -0.]
 [ 0. -0.  0.]]

Fixed parameter: Teff = 5750.0
Number of points: 11
Quadratic fit coefficients: 
[ -4.66200466e-06   7.78554779e-05  -6.29370629e-05]
Covariance: 
[[  1.92565787e-09  -9.62828935e-09   7.22121701e-09]
 [ -9.62828935e-09   5.18964796e-08  -4.54936672e-08]
 [  7.22121701e-09  -4.54936672e-08   5.99361012e-08]]

Fixed parameter: Teff = 5500.0
Number of points: 11
Quadratic fit coefficients: 
[-0.00011655  0.00056457 -0.00011888]
Covariance: 
[[  3.36664113e-09  -1.68332056e-08   1.26249042e-08]
 [ -1.68332056e-08   9.07309784e-08  -7.95368967e-08]
 [  1.26249042e-08  -7.95368967e-08   1.04786705e-07]]

Fixed parameter: Teff = 5250.0
Number of points: 11
Quadratic fit coefficients: 
[ -9.32400932e-05   3.20745921e-04   4.68531469e-04]
Covariance: 
[[  3.91434517e-09  -1.95717259e-08   1.46787944e-08]
 [ -1.95717259e-08   1.05491602e-07  -9.24764047e-08]
 [  1.46787944e-08  -9.24764047e-08   1.21833994e-07]]

Fixed parameter: Teff = 5000.0
Number of points: 11
Quadratic fit coefficients: 
[  2.79720280e-05  -1.76223776e-04   1.04895105e-04]
Covariance: 
[[  1.93652501e-09  -9.68262507e-09   7.26196880e-09]
 [ -9.68262507e-09   5.21893491e-08  -4.57504034e-08]
 [  7.26196880e-09  -4.57504034e-08   6.02743410e-08]]

Fixed parameter: Teff = 4750.0
Number of points: 11
Quadratic fit coefficients: 
[ -1.21212121e-04   4.96969697e-04   2.09417660e-15]
Covariance: 
[[  5.87695133e-09  -2.93847567e-08   2.20385675e-08]
 [ -2.93847567e-08   1.58383838e-07  -1.38842975e-07]
 [  2.20385675e-08  -1.38842975e-07   1.82920110e-07]]

Fixed parameter: Teff = 4500.0
Number of points: 11
Quadratic fit coefficients: 
[  3.26340326e-05  -4.35897436e-04   1.62237762e-03]
Covariance: 
[[  3.57529029e-09  -1.78764514e-08   1.34073386e-08]
 [ -1.78764514e-08   9.63540733e-08  -8.44662331e-08]
 [  1.34073386e-08  -8.44662331e-08   1.11280910e-07]]

Fixed parameter: Teff = 4250.0
Number of points: 11
Quadratic fit coefficients: 
[ -1.11888112e-04  -5.87412574e-05   3.12587412e-03]
Covariance: 
[[  1.91044387e-09  -9.55221934e-09   7.16416451e-09]
 [ -9.55221934e-09   5.14864623e-08  -4.51342364e-08]
 [  7.16416451e-09  -4.51342364e-08   5.94625654e-08]]

Fixed parameter: Teff = 4000.0
Number of points: 11
Quadratic fit coefficients: 
[ -1.69445592e-12  -1.34545454e-03   5.45454544e-03]
Covariance: 
[[  1.66136893e-08  -8.30684467e-08   6.23013350e-08]
 [ -8.30684467e-08   4.47738928e-07  -3.92498411e-07]
 [  6.23013350e-08  -3.92498411e-07   5.17101081e-07]]

Fixed parameter: Teff = 3750.0
Number of points: 11
Quadratic fit coefficients: 
[ 0.00082517 -0.00585315  0.00741259]
Covariance: 
[[  2.66679707e-08  -1.33339854e-07   1.00004890e-07]
 [ -1.33339854e-07   7.18701811e-07  -6.30030808e-07]
 [  1.00004890e-07  -6.30030808e-07   8.30040589e-07]]

Fixed parameter: Teff = 3500.0
Number of points: 11
Quadratic fit coefficients: 
[ 0.00165501 -0.00749324 -0.0042028 ]
Covariance: 
[[  7.07668400e-09  -3.53834200e-08   2.65375650e-08]
 [ -3.53834200e-08   1.90716634e-07  -1.67186659e-07]
 [  2.65375650e-08  -1.67186659e-07   2.20261789e-07]]

