Fixed parameter: Teff = 20000.0
Number of points: 5
Quadratic fit coefficients: 
[-0.00142857  0.01442857 -0.03634286]
Covariance: 
[[  2.93877551e-07  -2.35102041e-06   4.55510204e-06]
 [ -2.35102041e-06   1.89110204e-05  -3.68522449e-05]
 [  4.55510204e-06  -3.68522449e-05   7.23012245e-05]]

Fixed parameter: Teff = 19000.0
Number of points: 6
Quadratic fit coefficients: 
[-0.00142857  0.0142     -0.03528571]
Covariance: 
[[  1.30612245e-07  -9.79591837e-07   1.74149660e-06]
 [ -9.79591837e-07   7.41659864e-06  -1.33224490e-05]
 [  1.74149660e-06  -1.33224490e-05   2.42503401e-05]]

Fixed parameter: Teff = 18000.0
Number of points: 6
Quadratic fit coefficients: 
[-0.00142857  0.0142     -0.03528571]
Covariance: 
[[  1.30612245e-07  -9.79591837e-07   1.74149660e-06]
 [ -9.79591837e-07   7.41659864e-06  -1.33224490e-05]
 [  1.74149660e-06  -1.33224490e-05   2.42503401e-05]]

Fixed parameter: Teff = 17000.0
Number of points: 6
Quadratic fit coefficients: 
[-0.00107143  0.01123571 -0.02928571]
Covariance: 
[[  7.44897959e-08  -5.58673469e-07   9.93197279e-07]
 [ -5.58673469e-07   4.22977891e-06  -7.59795918e-06]
 [  9.93197279e-07  -7.59795918e-06   1.38302721e-05]]

Fixed parameter: Teff = 16000.0
Number of points: 6
Quadratic fit coefficients: 
[-0.00171429  0.01548571 -0.03471429]
Covariance: 
[[  1.30612245e-07  -9.79591837e-07   1.74149660e-06]
 [ -9.79591837e-07   7.41659864e-06  -1.33224490e-05]
 [  1.74149660e-06  -1.33224490e-05   2.42503401e-05]]

Fixed parameter: Teff = 15000.0
Number of points: 6
Quadratic fit coefficients: 
[-0.00071429  0.00792857 -0.022     ]
Covariance: 
[[  1.02040816e-07  -7.65306122e-07   1.36054422e-06]
 [ -7.65306122e-07   5.79421769e-06  -1.04081633e-05]
 [  1.36054422e-06  -1.04081633e-05   1.89455782e-05]]

Fixed parameter: Teff = 14000.0
Number of points: 7
Quadratic fit coefficients: 
[-0.00128571  0.0115     -0.02535714]
Covariance: 
[[  1.15646259e-07  -8.09523810e-07   1.30102041e-06]
 [ -8.09523810e-07   5.75340136e-06  -9.41071429e-06]
 [  1.30102041e-06  -9.41071429e-06   1.57857143e-05]]

Fixed parameter: Teff = 13000.0
Number of points: 6
Quadratic fit coefficients: 
[-0.00092857  0.00782143 -0.01642857]
Covariance: 
[[  2.29591837e-07  -1.72193878e-06   3.06122449e-06]
 [ -1.72193878e-06   1.30369898e-05  -2.34183673e-05]
 [  3.06122449e-06  -2.34183673e-05   4.26275510e-05]]

Fixed parameter: Teff = 12750.0
Number of points: 6
Quadratic fit coefficients: 
[-0.00092857  0.00724999 -0.0132857 ]
Covariance: 
[[  6.63265306e-08  -4.97448980e-07   8.84353742e-07]
 [ -4.97448980e-07   3.76624150e-06  -6.76530612e-06]
 [  8.84353742e-07  -6.76530612e-06   1.23146259e-05]]

Fixed parameter: Teff = 12500.0
Number of points: 6
Quadratic fit coefficients: 
[-0.00064285  0.00464998 -0.00742854]
Covariance: 
[[  5.81632653e-08  -4.36224490e-07   7.75510204e-07]
 [ -4.36224490e-07   3.30270408e-06  -5.93265306e-06]
 [  7.75510204e-07  -5.93265306e-06   1.07989796e-05]]

Fixed parameter: Teff = 12250.0
Number of points: 6
Quadratic fit coefficients: 
[-0.00092857  0.00667857 -0.01014286]
Covariance: 
[[  6.63265306e-08  -4.97448980e-07   8.84353741e-07]
 [ -4.97448980e-07   3.76624150e-06  -6.76530612e-06]
 [  8.84353741e-07  -6.76530612e-06   1.23146259e-05]]

Fixed parameter: Teff = 12000.0
Number of points: 6
Quadratic fit coefficients: 
[-0.00064285  0.00413567 -0.00499992]
Covariance: 
[[  1.39795918e-07  -1.04846939e-06   1.86394558e-06]
 [ -1.04846939e-06   7.93807823e-06  -1.42591837e-05]
 [  1.86394558e-06  -1.42591837e-05   2.59554422e-05]]

Fixed parameter: Teff = 11750.0
Number of points: 7
Quadratic fit coefficients: 
[-0.00080952  0.00530951 -0.00685712]
Covariance: 
[[  7.93650794e-08  -5.55555556e-07   8.92857143e-07]
 [ -5.55555556e-07   3.94841270e-06  -6.45833333e-06]
 [  8.92857143e-07  -6.45833333e-06   1.08333333e-05]]

Fixed parameter: Teff = 11500.0
Number of points: 7
Quadratic fit coefficients: 
[ -2.10558295e-10  -9.99998489e-04   4.64285464e-03]
Covariance: 
[[  8.84353741e-08  -6.19047619e-07   9.94897959e-07]
 [ -6.19047619e-07   4.39965986e-06  -7.19642857e-06]
 [  9.94897959e-07  -7.19642857e-06   1.20714286e-05]]

Fixed parameter: Teff = 11250.0
Number of points: 7
Quadratic fit coefficients: 
[-0.0002381   0.00045238  0.00357143]
Covariance: 
[[  6.57596372e-08  -4.60317460e-07   7.39795918e-07]
 [ -4.60317460e-07   3.27154195e-06  -5.35119048e-06]
 [  7.39795918e-07  -5.35119048e-06   8.97619048e-06]]

Fixed parameter: Teff = 11000.0
Number of points: 7
Quadratic fit coefficients: 
[ -1.54375134e-09  -1.57141749e-03   7.49998161e-03]
Covariance: 
[[  3.40136054e-08  -2.38095238e-07   3.82653061e-07]
 [ -2.38095238e-07   1.69217687e-06  -2.76785714e-06]
 [  3.82653061e-07  -2.76785714e-06   4.64285714e-06]]

Fixed parameter: Teff = 10750.0
Number of points: 7
Quadratic fit coefficients: 
[ 0.00038095 -0.00438095  0.01228571]
Covariance: 
[[  3.17460317e-08  -2.22222222e-07   3.57142857e-07]
 [ -2.22222222e-07   1.57936508e-06  -2.58333333e-06]
 [  3.57142857e-07  -2.58333333e-06   4.33333333e-06]]

Fixed parameter: Teff = 10500.0
Number of points: 7
Quadratic fit coefficients: 
[ 0.00071429 -0.00678571  0.016     ]
Covariance: 
[[  2.04081633e-08  -1.42857143e-07   2.29591837e-07]
 [ -1.42857143e-07   1.01530612e-06  -1.66071429e-06]
 [  2.29591837e-07  -1.66071429e-06   2.78571429e-06]]

Fixed parameter: Teff = 10250.0
Number of points: 7
Quadratic fit coefficients: 
[ 0.00095238 -0.00823808  0.0170714 ]
Covariance: 
[[  3.85487528e-08  -2.69841270e-07   4.33673469e-07]
 [ -2.69841270e-07   1.91780045e-06  -3.13690476e-06]
 [  4.33673469e-07  -3.13690476e-06   5.26190476e-06]]

Fixed parameter: Teff = 10000.0
Number of points: 7
Quadratic fit coefficients: 
[ 0.00104762 -0.00847619  0.01607143]
Covariance: 
[[  2.49433107e-08  -1.74603175e-07   2.80612245e-07]
 [ -1.74603175e-07   1.24092971e-06  -2.02976190e-06]
 [  2.80612245e-07  -2.02976190e-06   3.40476190e-06]]

Fixed parameter: Teff = 9750.0
Number of points: 7
Quadratic fit coefficients: 
[ 0.00161905 -0.01247618  0.02221427]
Covariance: 
[[  5.21541950e-08  -3.65079365e-07   5.86734694e-07]
 [ -3.65079365e-07   2.59467120e-06  -4.24404762e-06]
 [  5.86734694e-07  -4.24404762e-06   7.11904762e-06]]

Fixed parameter: Teff = 9500.0
Number of points: 7
Quadratic fit coefficients: 
[ 0.00152381 -0.01109524  0.01721429]
Covariance: 
[[  1.13378685e-08  -7.93650794e-08   1.27551020e-07]
 [ -7.93650794e-08   5.64058957e-07  -9.22619048e-07]
 [  1.27551020e-07  -9.22619048e-07   1.54761905e-06]]

Fixed parameter: Teff = 9250.0
Number of points: 7
Quadratic fit coefficients: 
[ 0.00133333 -0.0087619   0.01085714]
Covariance: 
[[  5.89569161e-08  -4.12698413e-07   6.63265306e-07]
 [ -4.12698413e-07   2.93310658e-06  -4.79761905e-06]
 [  6.63265306e-07  -4.79761905e-06   8.04761905e-06]]

Fixed parameter: Teff = 9000.0
Number of points: 8
Quadratic fit coefficients: 
[ 0.002      -0.01257143  0.01360714]
Covariance: 
[[  7.75510204e-08  -5.04081633e-07   7.17346939e-07]
 [ -5.04081633e-07   3.35408163e-06  -4.91479592e-06]
 [  7.17346939e-07  -4.91479592e-06   7.55637755e-06]]

Fixed parameter: Teff = 8750.0
Number of points: 8
Quadratic fit coefficients: 
[ 0.00216667 -0.01277381  0.01091071]
Covariance: 
[[  1.82426304e-07  -1.18577098e-06   1.68744331e-06]
 [ -1.18577098e-06   7.88993764e-06  -1.15612670e-05]
 [  1.68744331e-06  -1.15612670e-05   1.77751630e-05]]

Fixed parameter: Teff = 8500.0
Number of points: 8
Quadratic fit coefficients: 
[ 0.00130952 -0.00544048 -0.00449405]
Covariance: 
[[  2.06009070e-07  -1.33905896e-06   1.90558390e-06]
 [ -1.33905896e-06   8.90989229e-06  -1.30558248e-05]
 [  1.90558390e-06  -1.30558248e-05   2.00730088e-05]]

Fixed parameter: Teff = 8250.0
Number of points: 9
Quadratic fit coefficients: 
[ 0.00219048 -0.01034286 -0.00011429]
Covariance: 
[[  8.10307153e-07  -4.86184292e-06   5.94225246e-06]
 [ -4.86184292e-06   3.02109517e-05  -3.87731973e-05]
 [  5.94225246e-06  -3.87731973e-05   5.46687226e-05]]

Fixed parameter: Teff = 8000.0
Number of points: 9
Quadratic fit coefficients: 
[ 0.00104762 -0.00048571 -0.0201619 ]
Covariance: 
[[  9.39352711e-07  -5.63611626e-06   6.88858655e-06]
 [ -5.63611626e-06   3.50222002e-05  -4.49480272e-05]
 [  6.88858655e-06  -4.49480272e-05   6.33749962e-05]]

Fixed parameter: Teff = 7750.0
Number of points: 9
Quadratic fit coefficients: 
[-0.00079654  0.01477922 -0.05161905]
Covariance: 
[[  6.17679579e-07  -3.70607747e-06   4.52965024e-06]
 [ -3.70607747e-06   2.30291536e-05  -2.95559678e-05]
 [  4.52965024e-06  -2.95559678e-05   4.16727822e-05]]

Fixed parameter: Teff = 7500.0
Number of points: 10
Quadratic fit coefficients: 
[ 0.0004697   0.00968333 -0.05435   ]
Covariance: 
[[  2.54048931e-06  -1.39726912e-05   1.39726912e-05]
 [ -1.39726912e-05   8.09145845e-05  -8.80279545e-05]
 [  1.39726912e-05  -8.80279545e-05   1.15973337e-04]]

Fixed parameter: Teff = 7250.0
Number of points: 10
Quadratic fit coefficients: 
[-0.00365152  0.0409197  -0.11008333]
Covariance: 
[[  1.35785780e-06  -7.46821789e-06   7.46821789e-06]
 [ -7.46821789e-06   4.32477709e-05  -4.70497727e-05]
 [  7.46821789e-06  -4.70497727e-05   6.19862085e-05]]

Fixed parameter: Teff = 7000.0
Number of points: 10
Quadratic fit coefficients: 
[-0.0079697   0.07383333 -0.17063333]
Covariance: 
[[  6.73461892e-07  -3.70404040e-06   3.70404040e-06]
 [ -3.70404040e-06   2.14497612e-05  -2.33354545e-05]
 [  3.70404040e-06  -2.33354545e-05   3.07435354e-05]]

Fixed parameter: Teff = 6750.0
Number of points: 10
Quadratic fit coefficients: 
[-0.01260606  0.10939394 -0.2352    ]
Covariance: 
[[  5.19060737e-07  -2.85483405e-06   2.85483405e-06]
 [ -2.85483405e-06   1.65320845e-05  -1.79854545e-05]
 [  2.85483405e-06  -1.79854545e-05   2.36951227e-05]]

Fixed parameter: Teff = 6500.0
Number of points: 10
Quadratic fit coefficients: 
[-0.01765152  0.14861061 -0.30788333]
Covariance: 
[[  7.11183261e-07  -3.91150794e-06   3.91150794e-06]
 [ -3.91150794e-06   2.26511869e-05  -2.46425000e-05]
 [  3.91150794e-06  -2.46425000e-05   3.24655159e-05]]

Fixed parameter: Teff = 6250.0
Number of points: 10
Quadratic fit coefficients: 
[-0.02272727  0.19030909 -0.3904    ]
Covariance: 
[[  8.86580087e-07  -4.87619048e-06   4.87619048e-06]
 [ -4.87619048e-06   2.82375758e-05  -3.07200000e-05]
 [  4.87619048e-06  -3.07200000e-05   4.04723810e-05]]

Fixed parameter: Teff = 6000.0
Number of points: 11
Quadratic fit coefficients: 
[-0.02640093  0.22555012 -0.47068531]
Covariance: 
[[  9.90290207e-07  -4.95145104e-06   3.71358828e-06]
 [ -4.95145104e-06   2.66883211e-05  -2.33956061e-05]
 [  3.71358828e-06  -2.33956061e-05   3.08227827e-05]]

Fixed parameter: Teff = 5750.0
Number of points: 11
Quadratic fit coefficients: 
[-0.02834033  0.24808345 -0.53077622]
Covariance: 
[[  2.73777908e-06  -1.36888954e-05   1.02666716e-05]
 [ -1.36888954e-05   7.37831463e-05  -6.46800308e-05]
 [  1.02666716e-05  -6.46800308e-05   8.52133739e-05]]

Fixed parameter: Teff = 5500.0
Number of points: 11
Quadratic fit coefficients: 
[-0.02309091  0.21343636 -0.48618182]
Covariance: 
[[  3.38512397e-06  -1.69256198e-05   1.26942149e-05]
 [ -1.69256198e-05   9.12290909e-05  -7.99735537e-05]
 [  1.26942149e-05  -7.99735537e-05   1.05361983e-04]]

Fixed parameter: Teff = 5250.0
Number of points: 11
Quadratic fit coefficients: 
[-0.01102564  0.12201911 -0.33175524]
Covariance: 
[[  9.15848099e-07  -4.57924050e-06   3.43443037e-06]
 [ -4.57924050e-06   2.46821063e-05  -2.16369113e-05]
 [  3.43443037e-06  -2.16369113e-05   2.85057721e-05]]

Fixed parameter: Teff = 5000.0
Number of points: 11
Quadratic fit coefficients: 
[-0.00272261  0.05924942 -0.22057343]
Covariance: 
[[  7.43692981e-07  -3.71846491e-06   2.78884868e-06]
 [ -3.71846491e-06   2.00425259e-05  -1.75697467e-05]
 [  2.78884868e-06  -1.75697467e-05   2.31474440e-05]]

Fixed parameter: Teff = 4750.0
Number of points: 11
Quadratic fit coefficients: 
[-0.00095571  0.04352401 -0.18553846]
Covariance: 
[[  9.10599269e-07  -4.55299634e-06   3.41474726e-06]
 [ -4.55299634e-06   2.45406503e-05  -2.15129077e-05]
 [  3.41474726e-06  -2.15129077e-05   2.83424022e-05]]

Fixed parameter: Teff = 4500.0
Number of points: 11
Quadratic fit coefficients: 
[-0.00074592  0.02656597 -0.11425175]
Covariance: 
[[  2.67418673e-08  -1.33709337e-07   1.00282002e-07]
 [ -1.33709337e-07   7.20693324e-07  -6.31776615e-07]
 [  1.00282002e-07  -6.31776615e-07   8.32340620e-07]]

Fixed parameter: Teff = 20000.0
Number of points: 5
Quadratic fit coefficients: 
[-0.00057143  0.00817143 -0.02645714]
Covariance: 
[[  6.53061224e-08  -5.22448980e-07   1.01224490e-06]
 [ -5.22448980e-07   4.20244898e-06  -8.18938776e-06]
 [  1.01224490e-06  -8.18938776e-06   1.60669388e-05]]

Fixed parameter: Teff = 19000.0
Number of points: 6
Quadratic fit coefficients: 
[-0.00128571  0.01461429 -0.04128571]
Covariance: 
[[  2.16326531e-07  -1.62244898e-06   2.88435374e-06]
 [ -1.62244898e-06   1.22837415e-05  -2.20653061e-05]
 [  2.88435374e-06  -2.20653061e-05   4.01646259e-05]]

Fixed parameter: Teff = 18000.0
Number of points: 6
Quadratic fit coefficients: 
[-0.002       0.01957143 -0.04814286]
Covariance: 
[[  8.16326531e-08  -6.12244898e-07   1.08843537e-06]
 [ -6.12244898e-07   4.63537415e-06  -8.32653061e-06]
 [  1.08843537e-06  -8.32653061e-06   1.51564626e-05]]

Fixed parameter: Teff = 17000.0
Number of points: 6
Quadratic fit coefficients: 
[-0.00128571  0.01421429 -0.03928571]
Covariance: 
[[  1.02040816e-07  -7.65306122e-07   1.36054422e-06]
 [ -7.65306122e-07   5.79421769e-06  -1.04081633e-05]
 [  1.36054422e-06  -1.04081633e-05   1.89455782e-05]]

Fixed parameter: Teff = 16000.0
Number of points: 6
Quadratic fit coefficients: 
[-0.00135714  0.01440714 -0.03828571]
Covariance: 
[[  1.15306122e-07  -8.64795918e-07   1.53741497e-06]
 [ -8.64795918e-07   6.54746599e-06  -1.17612245e-05]
 [  1.53741497e-06  -1.17612245e-05   2.14085034e-05]]

Fixed parameter: Teff = 15000.0
Number of points: 6
Quadratic fit coefficients: 
[-0.00057143  0.00828571 -0.02728571]
Covariance: 
[[  8.16326531e-08  -6.12244898e-07   1.08843537e-06]
 [ -6.12244898e-07   4.63537415e-06  -8.32653061e-06]
 [  1.08843537e-06  -8.32653061e-06   1.51564626e-05]]

Fixed parameter: Teff = 14000.0
Number of points: 7
Quadratic fit coefficients: 
[-0.00119048  0.01311905 -0.036     ]
Covariance: 
[[  5.21541950e-08  -3.65079365e-07   5.86734694e-07]
 [ -3.65079365e-07   2.59467120e-06  -4.24404762e-06]
 [  5.86734694e-07  -4.24404762e-06   7.11904762e-06]]

Fixed parameter: Teff = 13000.0
Number of points: 6
Quadratic fit coefficients: 
[-0.00071429  0.00884286 -0.02642857]
Covariance: 
[[  6.93877551e-08  -5.20408163e-07   9.25170068e-07]
 [ -5.20408163e-07   3.94006803e-06  -7.07755102e-06]
 [  9.25170068e-07  -7.07755102e-06   1.28829932e-05]]

Fixed parameter: Teff = 12750.0
Number of points: 6
Quadratic fit coefficients: 
[-0.00071429  0.00935714 -0.02885714]
Covariance: 
[[  2.04081633e-08  -1.53061224e-07   2.72108844e-07]
 [ -1.53061224e-07   1.15884354e-06  -2.08163265e-06]
 [  2.72108844e-07  -2.08163265e-06   3.78911565e-06]]

Fixed parameter: Teff = 12500.0
Number of points: 6
Quadratic fit coefficients: 
[-0.001       0.01144286 -0.03228571]
Covariance: 
[[  6.93877551e-08  -5.20408163e-07   9.25170068e-07]
 [ -5.20408163e-07   3.94006803e-06  -7.07755102e-06]
 [  9.25170068e-07  -7.07755102e-06   1.28829932e-05]]

Fixed parameter: Teff = 12250.0
Number of points: 6
Quadratic fit coefficients: 
[-0.001       0.01052857 -0.02785714]
Covariance: 
[[  5.30612245e-08  -3.97959184e-07   7.07482993e-07]
 [ -3.97959184e-07   3.01299320e-06  -5.41224490e-06]
 [  7.07482993e-07  -5.41224490e-06   9.85170068e-06]]

Fixed parameter: Teff = 12000.0
Number of points: 6
Quadratic fit coefficients: 
[-0.00107143  0.01089286 -0.028     ]
Covariance: 
[[  2.29591837e-07  -1.72193878e-06   3.06122449e-06]
 [ -1.72193878e-06   1.30369898e-05  -2.34183673e-05]
 [  3.06122449e-06  -2.34183673e-05   4.26275510e-05]]

Fixed parameter: Teff = 11750.0
Number of points: 7
Quadratic fit coefficients: 
[-0.00133333  0.0127619  -0.03085714]
Covariance: 
[[  5.89569161e-08  -4.12698413e-07   6.63265306e-07]
 [ -4.12698413e-07   2.93310658e-06  -4.79761905e-06]
 [  6.63265306e-07  -4.79761905e-06   8.04761905e-06]]

Fixed parameter: Teff = 11500.0
Number of points: 7
Quadratic fit coefficients: 
[-0.00133333  0.01261905 -0.03021429]
Covariance: 
[[  1.20181406e-07  -8.41269841e-07   1.35204082e-06]
 [ -8.41269841e-07   5.97902494e-06  -9.77976190e-06]
 [  1.35204082e-06  -9.77976190e-06   1.64047619e-05]]

Fixed parameter: Teff = 11250.0
Number of points: 7
Quadratic fit coefficients: 
[-0.00152381  0.01338095 -0.02935714]
Covariance: 
[[  7.93650794e-08  -5.55555556e-07   8.92857143e-07]
 [ -5.55555556e-07   3.94841270e-06  -6.45833333e-06]
 [  8.92857143e-07  -6.45833333e-06   1.08333333e-05]]

Fixed parameter: Teff = 11000.0
Number of points: 7
Quadratic fit coefficients: 
[-0.00152381  0.01266667 -0.02571429]
Covariance: 
[[  7.25623583e-08  -5.07936508e-07   8.16326531e-07]
 [ -5.07936508e-07   3.60997732e-06  -5.90476190e-06]
 [  8.16326531e-07  -5.90476190e-06   9.90476190e-06]]

Fixed parameter: Teff = 10750.0
Number of points: 7
Quadratic fit coefficients: 
[-0.00133333  0.01090475 -0.02121426]
Covariance: 
[[  3.85487528e-08  -2.69841270e-07   4.33673469e-07]
 [ -2.69841270e-07   1.91780045e-06  -3.13690476e-06]
 [  4.33673469e-07  -3.13690476e-06   5.26190476e-06]]

Fixed parameter: Teff = 10500.0
Number of points: 7
Quadratic fit coefficients: 
[-0.00071429  0.0065     -0.01485714]
Covariance: 
[[  6.12244898e-08  -4.28571429e-07   6.88775510e-07]
 [ -4.28571429e-07   3.04591837e-06  -4.98214286e-06]
 [  6.88775510e-07  -4.98214286e-06   8.35714286e-06]]

Fixed parameter: Teff = 10250.0
Number of points: 7
Quadratic fit coefficients: 
[-0.00095238  0.0078095  -0.0155714 ]
Covariance: 
[[  4.53514739e-08  -3.17460317e-07   5.10204082e-07]
 [ -3.17460317e-07   2.25623583e-06  -3.69047619e-06]
 [  5.10204082e-07  -3.69047619e-06   6.19047619e-06]]

Fixed parameter: Teff = 10000.0
Number of points: 7
Quadratic fit coefficients: 
[-0.00042857  0.00364285 -0.00807141]
Covariance: 
[[  1.02040816e-07  -7.14285714e-07   1.14795918e-06]
 [ -7.14285714e-07   5.07653061e-06  -8.30357143e-06]
 [  1.14795918e-06  -8.30357143e-06   1.39285714e-05]]

Fixed parameter: Teff = 9750.0
Number of points: 7
Quadratic fit coefficients: 
[  4.40953107e-11   4.28571112e-04  -2.49999947e-03]
Covariance: 
[[  3.40136054e-08  -2.38095238e-07   3.82653061e-07]
 [ -2.38095238e-07   1.69217687e-06  -2.76785714e-06]
 [  3.82653061e-07  -2.76785714e-06   4.64285714e-06]]

Fixed parameter: Teff = 9500.0
Number of points: 7
Quadratic fit coefficients: 
[ 0.00047619 -0.00304761  0.0027857 ]
Covariance: 
[[  9.29705215e-08  -6.50793651e-07   1.04591837e-06]
 [ -6.50793651e-07   4.62528345e-06  -7.56547619e-06]
 [  1.04591837e-06  -7.56547619e-06   1.26904762e-05]]

Fixed parameter: Teff = 9250.0
Number of points: 7
Quadratic fit coefficients: 
[ 0.00057143 -0.00357142  0.00364284]
Covariance: 
[[  2.04081633e-08  -1.42857143e-07   2.29591837e-07]
 [ -1.42857143e-07   1.01530612e-06  -1.66071429e-06]
 [  2.29591837e-07  -1.66071429e-06   2.78571429e-06]]

Fixed parameter: Teff = 9000.0
Number of points: 8
Quadratic fit coefficients: 
[ 0.00052381 -0.00292857  0.00179762]
Covariance: 
[[  5.21541950e-08  -3.39002268e-07   4.82426304e-07]
 [ -3.39002268e-07   2.25566893e-06  -3.30527211e-06]
 [  4.82426304e-07  -3.30527211e-06   5.08177438e-06]]

Fixed parameter: Teff = 8750.0
Number of points: 8
Quadratic fit coefficients: 
[ 0.0005     -0.00284524  0.00268452]
Covariance: 
[[  6.72335601e-08  -4.37018141e-07   6.21910431e-07]
 [ -4.37018141e-07   2.90785147e-06  -4.26092687e-06]
 [  6.21910431e-07  -4.26092687e-06   6.55107001e-06]]

Fixed parameter: Teff = 8500.0
Number of points: 8
Quadratic fit coefficients: 
[ 0.00016667 -0.0004881  -0.00076786]
Covariance: 
[[  1.11678005e-07  -7.25907029e-07   1.03302154e-06]
 [ -7.25907029e-07   4.83007370e-06  -7.07759354e-06]
 [  1.03302154e-06  -7.07759354e-06   1.08816256e-05]]

Fixed parameter: Teff = 8250.0
Number of points: 9
Quadratic fit coefficients: 
[  8.65800751e-05  -5.19480447e-04   2.52380943e-03]
Covariance: 
[[  1.79606829e-07  -1.07764097e-06   1.31711675e-06]
 [ -1.07764097e-06   6.69634127e-06  -8.59418677e-06]
 [  1.31711675e-06  -8.59418677e-06   1.21174741e-05]]

Fixed parameter: Teff = 8000.0
Number of points: 9
Quadratic fit coefficients: 
[-0.00026407  0.00195108 -0.00148095]
Covariance: 
[[  2.67213883e-07  -1.60328330e-06   1.95956847e-06]
 [ -1.60328330e-06   9.96262426e-06  -1.27861843e-05]
 [  1.95956847e-06  -1.27861843e-05   1.80280300e-05]]

Fixed parameter: Teff = 7750.0
Number of points: 9
Quadratic fit coefficients: 
[-0.00091342  0.00691385 -0.01044285]
Covariance: 
[[  2.02117651e-07  -1.21270591e-06   1.48219611e-06]
 [ -1.21270591e-06   7.53561977e-06  -9.67132962e-06]
 [  1.48219611e-06  -9.67132962e-06   1.36362042e-05]]

Fixed parameter: Teff = 7500.0
Number of points: 10
Quadratic fit coefficients: 
[-0.00033333  0.00382121 -0.0081    ]
Covariance: 
[[  4.95369277e-07  -2.72453102e-06   2.72453102e-06]
 [ -2.72453102e-06   1.57775115e-05  -1.71645455e-05]
 [  2.72453102e-06  -1.71645455e-05   2.26136075e-05]]

Fixed parameter: Teff = 7250.0
Number of points: 10
Quadratic fit coefficients: 
[-0.00206061  0.01638788 -0.02913333]
Covariance: 
[[  2.59058114e-07  -1.42481962e-06   1.42481962e-06]
 [ -1.42481962e-06   8.25100092e-06  -8.97636364e-06]
 [  1.42481962e-06  -8.97636364e-06   1.18260029e-05]]

Fixed parameter: Teff = 7000.0
Number of points: 10
Quadratic fit coefficients: 
[-0.00369697  0.02866061 -0.05073333]
Covariance: 
[[  1.61301325e-07  -8.87157287e-07   8.87157287e-07]
 [ -8.87157287e-07   5.13744720e-06  -5.58909091e-06]
 [  8.87157287e-07  -5.58909091e-06   7.36340548e-06]]

Fixed parameter: Teff = 6750.0
Number of points: 10
Quadratic fit coefficients: 
[-0.00533333  0.04033939 -0.0694    ]
Covariance: 
[[  8.03358258e-08  -4.41847042e-07   4.41847042e-07]
 [ -4.41847042e-07   2.55869605e-06  -2.78363636e-06]
 [  4.41847042e-07  -2.78363636e-06   3.66733045e-06]]

Fixed parameter: Teff = 6500.0
Number of points: 10
Quadratic fit coefficients: 
[-0.00678788  0.05084848 -0.0868    ]
Covariance: 
[[  8.77344877e-08  -4.82539683e-07   4.82539683e-07]
 [ -4.82539683e-07   2.79434343e-06  -3.04000000e-06]
 [  4.82539683e-07  -3.04000000e-06   4.00507937e-06]]

Fixed parameter: Teff = 6250.0
Number of points: 10
Quadratic fit coefficients: 
[-0.00781818  0.05853939 -0.09973333]
Covariance: 
[[  9.75468975e-08  -5.36507937e-07   5.36507937e-07]
 [ -5.36507937e-07   3.10686869e-06  -3.38000000e-06]
 [  5.36507937e-07  -3.38000000e-06   4.45301587e-06]]

Fixed parameter: Teff = 6000.0
Number of points: 11
Quadratic fit coefficients: 
[-0.00861072  0.06478089 -0.11079021]
Covariance: 
[[  1.29579822e-07  -6.47899109e-07   4.85924332e-07]
 [ -6.47899109e-07   3.49217620e-06  -3.06132329e-06]
 [  4.85924332e-07  -3.06132329e-06   4.03317196e-06]]

Fixed parameter: Teff = 5750.0
Number of points: 11
Quadratic fit coefficients: 
[-0.00951049  0.07311608 -0.13211888]
Covariance: 
[[  1.84478459e-07  -9.22392293e-07   6.91794220e-07]
 [ -9.22392293e-07   4.97169446e-06  -4.35830358e-06]
 [  6.91794220e-07  -4.35830358e-06   5.74189202e-06]]

Fixed parameter: Teff = 5500.0
Number of points: 11
Quadratic fit coefficients: 
[-0.01034965  0.08356643 -0.16672028]
Covariance: 
[[  4.60560419e-07  -2.30280209e-06   1.72710157e-06]
 [ -2.30280209e-06   1.24121033e-05  -1.08807399e-05]
 [  1.72710157e-06  -1.08807399e-05   1.43349430e-05]]

Fixed parameter: Teff = 5250.0
Number of points: 11
Quadratic fit coefficients: 
[-0.01193939  0.10386061 -0.22909091]
Covariance: 
[[  5.92018083e-07  -2.96009041e-06   2.22006781e-06]
 [ -2.96009041e-06   1.59548873e-05  -1.39864272e-05]
 [  2.22006781e-06  -1.39864272e-05   1.84265628e-05]]

Fixed parameter: Teff = 5000.0
Number of points: 11
Quadratic fit coefficients: 
[-0.01702564  0.15480093 -0.35020979]
Covariance: 
[[  1.45176347e-07  -7.25881733e-07   5.44411300e-07]
 [ -7.25881733e-07   3.91250254e-06  -3.42979119e-06]
 [  5.44411300e-07  -3.42979119e-06   4.51861379e-06]]

Fixed parameter: Teff = 4750.0
Number of points: 11
Quadratic fit coefficients: 
[-0.02444289  0.22125082 -0.48661538]
Covariance: 
[[  4.28086350e-06  -2.14043175e-05   1.60532381e-05]
 [ -2.14043175e-05   1.15369271e-04  -1.01135400e-04]
 [  1.60532381e-05  -1.01135400e-04   1.33241877e-04]]

Fixed parameter: Teff = 4500.0
Number of points: 11
Quadratic fit coefficients: 
[-0.01537529  0.17502191 -0.48683916]
Covariance: 
[[  6.01428160e-06  -3.00714080e-05   2.25535560e-05]
 [ -3.00714080e-05   1.62084889e-04  -1.42087403e-04]
 [  2.25535560e-05  -1.42087403e-04   1.87194515e-04]]

Fixed parameter: Teff = 20000.0
Number of points: 5
Quadratic fit coefficients: 
[ 0.00085712 -0.00665697  0.01208537]
Covariance: 
[[  2.61224490e-07  -2.08979592e-06   4.04897960e-06]
 [ -2.08979592e-06   1.68097959e-05  -3.27575511e-05]
 [  4.04897960e-06  -3.27575511e-05   6.42677552e-05]]

Fixed parameter: Teff = 19000.0
Number of points: 6
Quadratic fit coefficients: 
[-0.00028571  0.0022     -0.00385714]
Covariance: 
[[  8.97959184e-08  -6.73469388e-07   1.19727891e-06]
 [ -6.73469388e-07   5.09891156e-06  -9.15918367e-06]
 [  1.19727891e-06  -9.15918367e-06   1.66721088e-05]]

Fixed parameter: Teff = 18000.0
Number of points: 6
Quadratic fit coefficients: 
[ 0.00057143 -0.00428571  0.0072857 ]
Covariance: 
[[  8.16326531e-08  -6.12244898e-07   1.08843537e-06]
 [ -6.12244898e-07   4.63537415e-06  -8.32653061e-06]
 [  1.08843537e-06  -8.32653061e-06   1.51564626e-05]]

Fixed parameter: Teff = 17000.0
Number of points: 6
Quadratic fit coefficients: 
[ 0.  0.  0.]
Covariance: 
[[ 0. -0.  0.]
 [-0.  0. -0.]
 [ 0. -0.  0.]]

Fixed parameter: Teff = 16000.0
Number of points: 6
Quadratic fit coefficients: 
[ -7.14285281e-05   7.64285385e-04  -2.14285655e-03]
Covariance: 
[[  1.56122449e-07  -1.17091837e-06   2.08163265e-06]
 [ -1.17091837e-06   8.86515306e-06  -1.59244898e-05]
 [  2.08163265e-06  -1.59244898e-05   2.89867347e-05]]

Fixed parameter: Teff = 15000.0
Number of points: 6
Quadratic fit coefficients: 
[ 0.00035714 -0.00256428  0.004     ]
Covariance: 
[[  1.39795918e-07  -1.04846939e-06   1.86394558e-06]
 [ -1.04846939e-06   7.93807823e-06  -1.42591837e-05]
 [  1.86394558e-06  -1.42591837e-05   2.59554422e-05]]

Fixed parameter: Teff = 14000.0
Number of points: 7
Quadratic fit coefficients: 
[ 0.00057143 -0.00371428  0.0042857 ]
Covariance: 
[[  2.72108844e-08  -1.90476190e-07   3.06122449e-07]
 [ -1.90476190e-07   1.35374150e-06  -2.21428571e-06]
 [  3.06122449e-07  -2.21428571e-06   3.71428571e-06]]

Fixed parameter: Teff = 13000.0
Number of points: 6
Quadratic fit coefficients: 
[ 0.00064286 -0.00316429 -0.00014286]
Covariance: 
[[  7.44897959e-08  -5.58673469e-07   9.93197279e-07]
 [ -5.58673469e-07   4.22977891e-06  -7.59795918e-06]
 [  9.93197279e-07  -7.59795918e-06   1.38302721e-05]]

Fixed parameter: Teff = 12750.0
Number of points: 6
Quadratic fit coefficients: 
[ 0.00028571 -0.0006     -0.00414285]
Covariance: 
[[  3.26530612e-08  -2.44897959e-07   4.35374150e-07]
 [ -2.44897959e-07   1.85414966e-06  -3.33061224e-06]
 [  4.35374150e-07  -3.33061224e-06   6.06258503e-06]]

Fixed parameter: Teff = 12500.0
Number of points: 6
Quadratic fit coefficients: 
[ 0.00042857 -0.00167141 -0.00257147]
Covariance: 
[[  9.38775510e-08  -7.04081633e-07   1.25170068e-06]
 [ -7.04081633e-07   5.33068027e-06  -9.57551020e-06]
 [  1.25170068e-06  -9.57551020e-06   1.74299320e-05]]

Fixed parameter: Teff = 12250.0
Number of points: 6
Quadratic fit coefficients: 
[ 0.00057142 -0.00228566 -0.00271438]
Covariance: 
[[  8.16326531e-08  -6.12244898e-07   1.08843537e-06]
 [ -6.12244898e-07   4.63537415e-06  -8.32653061e-06]
 [  1.08843537e-06  -8.32653061e-06   1.51564626e-05]]

Fixed parameter: Teff = 12000.0
Number of points: 6
Quadratic fit coefficients: 
[ 0.00035714 -0.00096429 -0.004     ]
Covariance: 
[[  2.55102041e-08  -1.91326531e-07   3.40136054e-07]
 [ -1.91326531e-07   1.44855442e-06  -2.60204082e-06]
 [  3.40136054e-07  -2.60204082e-06   4.73639456e-06]]

Fixed parameter: Teff = 11750.0
Number of points: 7
Quadratic fit coefficients: 
[ 0.00014286  0.00092857 -0.00842857]
Covariance: 
[[  6.12244898e-08  -4.28571429e-07   6.88775510e-07]
 [ -4.28571429e-07   3.04591837e-06  -4.98214286e-06]
 [  6.88775510e-07  -4.98214286e-06   8.35714286e-06]]

Fixed parameter: Teff = 11500.0
Number of points: 7
Quadratic fit coefficients: 
[ -3.41745121e-18   2.14285714e-03  -1.03571429e-02]
Covariance: 
[[  3.40136054e-08  -2.38095238e-07   3.82653061e-07]
 [ -2.38095238e-07   1.69217687e-06  -2.76785714e-06]
 [  3.82653061e-07  -2.76785714e-06   4.64285714e-06]]

Fixed parameter: Teff = 11250.0
Number of points: 7
Quadratic fit coefficients: 
[-0.00019048  0.00347619 -0.01235714]
Covariance: 
[[  5.21541950e-08  -3.65079365e-07   5.86734694e-07]
 [ -3.65079365e-07   2.59467120e-06  -4.24404762e-06]
 [  5.86734694e-07  -4.24404762e-06   7.11904762e-06]]

Fixed parameter: Teff = 11000.0
Number of points: 7
Quadratic fit coefficients: 
[ 0.0002381   0.00069048 -0.00928571]
Covariance: 
[[  1.13378685e-08  -7.93650794e-08   1.27551020e-07]
 [ -7.93650794e-08   5.64058957e-07  -9.22619048e-07]
 [  1.27551020e-07  -9.22619048e-07   1.54761905e-06]]

Fixed parameter: Teff = 10750.0
Number of points: 7
Quadratic fit coefficients: 
[ -9.52380952e-05   2.95238095e-03  -1.23571429e-02]
Covariance: 
[[  3.85487528e-08  -2.69841270e-07   4.33673469e-07]
 [ -2.69841270e-07   1.91780045e-06  -3.13690476e-06]
 [  4.33673469e-07  -3.13690476e-06   5.26190476e-06]]

Fixed parameter: Teff = 10500.0
Number of points: 7
Quadratic fit coefficients: 
[-0.00042857  0.00535714 -0.01621429]
Covariance: 
[[  4.76190476e-08  -3.33333333e-07   5.35714286e-07]
 [ -3.33333333e-07   2.36904762e-06  -3.87500000e-06]
 [  5.35714286e-07  -3.87500000e-06   6.50000000e-06]]

Fixed parameter: Teff = 10250.0
Number of points: 7
Quadratic fit coefficients: 
[-0.00033333  0.00411905 -0.01257143]
Covariance: 
[[  3.85487528e-08  -2.69841270e-07   4.33673469e-07]
 [ -2.69841270e-07   1.91780045e-06  -3.13690476e-06]
 [  4.33673469e-07  -3.13690476e-06   5.26190476e-06]]

Fixed parameter: Teff = 10000.0
Number of points: 7
Quadratic fit coefficients: 
[-0.00057143  0.00557143 -0.01364286]
Covariance: 
[[  2.04081633e-08  -1.42857143e-07   2.29591837e-07]
 [ -1.42857143e-07   1.01530612e-06  -1.66071429e-06]
 [  2.29591837e-07  -1.66071429e-06   2.78571429e-06]]

Fixed parameter: Teff = 9750.0
Number of points: 7
Quadratic fit coefficients: 
[-0.00061904  0.00569045 -0.01299995]
Covariance: 
[[  2.49433107e-08  -1.74603175e-07   2.80612245e-07]
 [ -1.74603175e-07   1.24092971e-06  -2.02976191e-06]
 [  2.80612245e-07  -2.02976191e-06   3.40476191e-06]]

Fixed parameter: Teff = 9500.0
Number of points: 7
Quadratic fit coefficients: 
[-0.00033333  0.00340474 -0.0090714 ]
Covariance: 
[[  5.21541950e-08  -3.65079365e-07   5.86734694e-07]
 [ -3.65079365e-07   2.59467120e-06  -4.24404762e-06]
 [  5.86734694e-07  -4.24404762e-06   7.11904762e-06]]

Fixed parameter: Teff = 9250.0
Number of points: 7
Quadratic fit coefficients: 
[-0.00014286  0.00192857 -0.00557143]
Covariance: 
[[  6.12244898e-08  -4.28571429e-07   6.88775510e-07]
 [ -4.28571429e-07   3.04591837e-06  -4.98214286e-06]
 [  6.88775510e-07  -4.98214286e-06   8.35714286e-06]]

Fixed parameter: Teff = 9000.0
Number of points: 8
Quadratic fit coefficients: 
[-0.0002381   0.00211905 -0.00455952]
Covariance: 
[[  3.76417234e-08  -2.44671202e-07   3.48185941e-07]
 [ -2.44671202e-07   1.62800454e-06  -2.38554422e-06]
 [  3.48185941e-07  -2.38554422e-06   3.66771542e-06]]

Fixed parameter: Teff = 8750.0
Number of points: 8
Quadratic fit coefficients: 
[ 0.00016667 -0.00053571 -0.0016131 ]
Covariance: 
[[  8.27664399e-09  -5.37981859e-08   7.65589569e-08]
 [ -5.37981859e-08   3.57964853e-07  -5.24532313e-07]
 [  7.65589569e-08  -5.24532313e-07   8.06455499e-07]]

Fixed parameter: Teff = 8500.0
Number of points: 8
Quadratic fit coefficients: 
[ -7.14285697e-05   9.16666655e-04  -2.50595236e-03]
Covariance: 
[[  3.18594104e-08  -2.07086168e-07   2.94699546e-07]
 [ -2.07086168e-07   1.37791950e-06  -2.01909014e-06]
 [  2.94699546e-07  -2.01909014e-06   3.10430130e-06]]

Fixed parameter: Teff = 8250.0
Number of points: 9
Quadratic fit coefficients: 
[ 0.00046753 -0.00267186  0.0023619 ]
Covariance: 
[[  3.05241656e-08  -1.83144994e-07   2.23843881e-07]
 [ -1.83144994e-07   1.13804264e-06  -1.46058132e-06]
 [  2.23843881e-07  -1.46058132e-06   2.05936371e-06]]

Fixed parameter: Teff = 8000.0
Number of points: 9
Quadratic fit coefficients: 
[  8.65800866e-05   1.38528138e-05  -7.42857143e-04]
Covariance: 
[[  9.64899458e-08  -5.78939675e-07   7.07592936e-07]
 [ -5.78939675e-07   3.59746681e-06  -4.61704391e-06]
 [  7.07592936e-07  -4.61704391e-06   6.50985501e-06]]

Fixed parameter: Teff = 7750.0
Number of points: 9
Quadratic fit coefficients: 
[-0.0004632   0.00381255 -0.00671905]
Covariance: 
[[  6.41442252e-08  -3.84865351e-07   4.70390985e-07]
 [ -3.84865351e-07   2.39151053e-06  -3.06930118e-06]
 [  4.70390985e-07  -3.06930118e-06   4.32759706e-06]]

Fixed parameter: Teff = 7500.0
Number of points: 10
Quadratic fit coefficients: 
[ -4.54545450e-05   1.23181818e-03  -3.25000000e-03]
Covariance: 
[[  9.58874459e-08  -5.27380952e-07   5.27380952e-07]
 [ -5.27380952e-07   3.05401515e-06  -3.32250000e-06]
 [  5.27380952e-07  -3.32250000e-06   4.37726190e-06]]

Fixed parameter: Teff = 7250.0
Number of points: 10
Quadratic fit coefficients: 
[-0.00062121  0.00502879 -0.00815   ]
Covariance: 
[[  7.68922996e-08  -4.22907648e-07   4.22907648e-07]
 [ -4.22907648e-07   2.44901974e-06  -2.66431818e-06]
 [  4.22907648e-07  -2.66431818e-06   3.51013348e-06]]

Fixed parameter: Teff = 7000.0
Number of points: 10
Quadratic fit coefficients: 
[-0.00081818  0.00646364 -0.0107    ]
Covariance: 
[[  4.32113341e-08  -2.37662338e-07   2.37662338e-07]
 [ -2.37662338e-07   1.37628099e-06  -1.49727273e-06]
 [  2.37662338e-07  -1.49727273e-06   1.97259740e-06]]

Fixed parameter: Teff = 6750.0
Number of points: 10
Quadratic fit coefficients: 
[-0.0010303   0.00784848 -0.01306667]
Covariance: 
[[  3.11163584e-08  -1.71139971e-07   1.71139971e-07]
 [ -1.71139971e-07   9.91056015e-07  -1.07818182e-06]
 [  1.71139971e-07  -1.07818182e-06   1.42046176e-06]]

Fixed parameter: Teff = 6500.0
Number of points: 10
Quadratic fit coefficients: 
[-0.00090909  0.00790909 -0.0164    ]
Covariance: 
[[  1.11767021e-08  -6.14718615e-08   6.14718615e-08]
 [ -6.14718615e-08   3.55977961e-07  -3.87272727e-07]
 [  6.14718615e-08  -3.87272727e-07   5.10216450e-07]]

Fixed parameter: Teff = 6250.0
Number of points: 10
Quadratic fit coefficients: 
[-0.0009697   0.00882424 -0.01973333]
Covariance: 
[[  1.39577594e-08  -7.67676768e-08   7.67676768e-08]
 [ -7.67676768e-08   4.44554637e-07  -4.83636364e-07]
 [  7.67676768e-08  -4.83636364e-07   6.37171717e-07]]

Fixed parameter: Teff = 6000.0
Number of points: 11
Quadratic fit coefficients: 
[-0.00061072  0.00790816 -0.02333566]
Covariance: 
[[  1.59116719e-08  -7.95583593e-08   5.96687695e-08]
 [ -7.95583593e-08   4.28819557e-07  -3.75913248e-07]
 [  5.96687695e-08  -3.75913248e-07   4.95250787e-07]]

Fixed parameter: Teff = 5750.0
Number of points: 11
Quadratic fit coefficients: 
[-0.00063403  0.00971562 -0.03183217]
Covariance: 
[[  2.60376764e-08  -1.30188382e-07   9.76412865e-08]
 [ -1.30188382e-07   7.01715379e-07  -6.15140105e-07]
 [  9.76412865e-08  -6.15140105e-07   8.10422678e-07]]

Fixed parameter: Teff = 5500.0
Number of points: 11
Quadratic fit coefficients: 
[-0.0007366   0.01164662 -0.0393986 ]
Covariance: 
[[  2.10952994e-08  -1.05476497e-07   7.91073728e-08]
 [ -1.05476497e-07   5.68518319e-07  -4.98376449e-07]
 [  7.91073728e-08  -4.98376449e-07   6.56591194e-07]]

Fixed parameter: Teff = 5250.0
Number of points: 11
Quadratic fit coefficients: 
[-0.00105361  0.01494079 -0.04858741]
Covariance: 
[[  5.25100385e-09  -2.62550193e-08   1.96912644e-08]
 [ -2.62550193e-08   1.41514554e-07  -1.24054966e-07]
 [  1.96912644e-08  -1.24054966e-07   1.63437495e-07]]

Fixed parameter: Teff = 5000.0
Number of points: 11
Quadratic fit coefficients: 
[-0.00161772  0.01937949 -0.05738462]
Covariance: 
[[  1.10605789e-08  -5.53028945e-08   4.14771708e-08]
 [ -5.53028945e-08   2.98082601e-07  -2.61306176e-07]
 [  4.14771708e-08  -2.61306176e-07   3.44260518e-07]]

Fixed parameter: Teff = 4750.0
Number of points: 11
Quadratic fit coefficients: 
[-0.00393473  0.03458275 -0.07557343]
Covariance: 
[[  1.34535239e-08  -6.72676197e-08   5.04507148e-08]
 [ -6.72676197e-08   3.62572470e-07  -3.17839503e-07]
 [  5.04507148e-08  -3.17839503e-07   4.18740933e-07]]

Fixed parameter: Teff = 4500.0
Number of points: 11
Quadratic fit coefficients: 
[-0.01082517  0.08743497 -0.1755035 ]
Covariance: 
[[  6.74601855e-07  -3.37300928e-06   2.52975696e-06]
 [ -3.37300928e-06   1.81805200e-05  -1.59374688e-05]
 [  2.52975696e-06  -1.59374688e-05   2.09969827e-05]]

Fixed parameter: Teff = 20000.0
Number of points: 5
Quadratic fit coefficients: 
[ 0.  0.  0.]
Covariance: 
[[  3.38083245e-31  -2.70466596e-30   5.24029030e-30]
 [ -2.70466596e-30   2.17556568e-29  -4.23956389e-29]
 [  5.24029030e-30  -4.23956389e-29   8.31769304e-29]]

Fixed parameter: Teff = 19000.0
Number of points: 6
Quadratic fit coefficients: 
[ 0.00021429 -0.00189285  0.00442856]
Covariance: 
[[  1.47959184e-07  -1.10969388e-06   1.97278912e-06]
 [ -1.10969388e-06   8.40161565e-06  -1.50918367e-05]
 [  1.97278912e-06  -1.50918367e-05   2.74710884e-05]]

Fixed parameter: Teff = 18000.0
Number of points: 6
Quadratic fit coefficients: 
[ 0.00071428 -0.00575713  0.01085713]
Covariance: 
[[  1.34693878e-07  -1.01020408e-06   1.79591837e-06]
 [ -1.01020408e-06   7.64836735e-06  -1.37387755e-05]
 [  1.79591837e-06  -1.37387755e-05   2.50081633e-05]]

Fixed parameter: Teff = 17000.0
Number of points: 6
Quadratic fit coefficients: 
[ 0.00035714 -0.00296428  0.006     ]
Covariance: 
[[  2.55102041e-08  -1.91326531e-07   3.40136054e-07]
 [ -1.91326531e-07   1.44855442e-06  -2.60204082e-06]
 [  3.40136054e-07  -2.60204082e-06   4.73639456e-06]]

Fixed parameter: Teff = 16000.0
Number of points: 6
Quadratic fit coefficients: 
[ 0.00135714 -0.01000714  0.01628571]
Covariance: 
[[  5.81632653e-08  -4.36224490e-07   7.75510204e-07]
 [ -4.36224490e-07   3.30270408e-06  -5.93265306e-06]
 [  7.75510204e-07  -5.93265306e-06   1.07989796e-05]]

Fixed parameter: Teff = 15000.0
Number of points: 6
Quadratic fit coefficients: 
[ 0.00107143 -0.00740714  0.01042857]
Covariance: 
[[  1.56122449e-07  -1.17091837e-06   2.08163265e-06]
 [ -1.17091837e-06   8.86515306e-06  -1.59244898e-05]
 [  2.08163265e-06  -1.59244898e-05   2.89867347e-05]]

Fixed parameter: Teff = 14000.0
Number of points: 7
Quadratic fit coefficients: 
[ 0.00133333 -0.00847619  0.00871429]
Covariance: 
[[  4.53514739e-08  -3.17460317e-07   5.10204082e-07]
 [ -3.17460317e-07   2.25623583e-06  -3.69047619e-06]
 [  5.10204082e-07  -3.69047619e-06   6.19047619e-06]]

Fixed parameter: Teff = 13000.0
Number of points: 6
Quadratic fit coefficients: 
[ 0.00135714 -0.00692143  0.00071429]
Covariance: 
[[  1.73469388e-08  -1.30102041e-07   2.31292517e-07]
 [ -1.30102041e-07   9.85017007e-07  -1.76938776e-06]
 [  2.31292517e-07  -1.76938776e-06   3.22074830e-06]]

Fixed parameter: Teff = 12750.0
Number of points: 6
Quadratic fit coefficients: 
[ 0.00135714 -0.00692143  0.00071429]
Covariance: 
[[  1.73469388e-08  -1.30102041e-07   2.31292517e-07]
 [ -1.30102041e-07   9.85017007e-07  -1.76938776e-06]
 [  2.31292517e-07  -1.76938776e-06   3.22074830e-06]]

Fixed parameter: Teff = 12500.0
Number of points: 6
Quadratic fit coefficients: 
