Fixed parameter: Teff = 50000.0
Number of points: 1
Quadratic fit coefficients: 
[ 0.0259477   0.05569909 -0.25118787]
Covariance: 
[[ inf  inf  inf]
 [ inf  inf  inf]
 [ inf  inf  inf]]

Fixed parameter: Teff = 49000.0
Number of points: 2
Quadratic fit coefficients: 
[ 0.00337181 -0.03203216  0.75186564]
Covariance: 
[[ inf  inf  inf]
 [ inf  inf  inf]
 [ inf  inf  inf]]

Fixed parameter: Teff = 48000.0
Number of points: 2
Quadratic fit coefficients: 
[ 0.00447331 -0.04449641  0.78564941]
Covariance: 
[[ inf  inf  inf]
 [ inf  inf  inf]
 [ inf  inf  inf]]

Fixed parameter: Teff = 47000.0
Number of points: 2
Quadratic fit coefficients: 
[ 0.00337181 -0.03203216  0.75186564]
Covariance: 
[[ inf  inf  inf]
 [ inf  inf  inf]
 [ inf  inf  inf]]

Fixed parameter: Teff = 46000.0
Number of points: 2
Quadratic fit coefficients: 
[ 0.00538971 -0.04920228  0.78726856]
Covariance: 
[[ inf  inf  inf]
 [ inf  inf  inf]
 [ inf  inf  inf]]

Fixed parameter: Teff = 45000.0
Number of points: 2
Quadratic fit coefficients: 
[ 0.00281392 -0.0267322   0.7383131 ]
Covariance: 
[[ inf  inf  inf]
 [ inf  inf  inf]
 [ inf  inf  inf]]

Fixed parameter: Teff = 44000.0
Number of points: 2
Quadratic fit coefficients: 
[ 0.00281392 -0.0267322   0.7383131 ]
Covariance: 
[[ inf  inf  inf]
 [ inf  inf  inf]
 [ inf  inf  inf]]

Fixed parameter: Teff = 43000.0
Number of points: 2
Quadratic fit coefficients: 
[ 0.00538971 -0.04920228  0.78726856]
Covariance: 
[[ inf  inf  inf]
 [ inf  inf  inf]
 [ inf  inf  inf]]

Fixed parameter: Teff = 42000.0
Number of points: 2
Quadratic fit coefficients: 
[ 0.00281392 -0.0267322   0.7383131 ]
Covariance: 
[[ inf  inf  inf]
 [ inf  inf  inf]
 [ inf  inf  inf]]

Fixed parameter: Teff = 41000.0
Number of points: 2
Quadratic fit coefficients: 
[ 0.00281392 -0.0267322   0.7383131 ]
Covariance: 
[[ inf  inf  inf]
 [ inf  inf  inf]
 [ inf  inf  inf]]

Fixed parameter: Teff = 40000.0
Number of points: 2
Quadratic fit coefficients: 
[ 0.00281392 -0.0267322   0.7383131 ]
Covariance: 
[[ inf  inf  inf]
 [ inf  inf  inf]
 [ inf  inf  inf]]

Fixed parameter: Teff = 39000.0
Number of points: 3
Quadratic fit coefficients: 
[ -3.57942864e-08   3.22702892e-07   6.74999279e-01]
Covariance: 
[[ inf  inf  inf]
 [ inf  inf  inf]
 [ inf  inf  inf]]

Fixed parameter: Teff = 38000.0
Number of points: 3
Quadratic fit coefficients: 
[ -3.57942837e-08   3.22702867e-07   6.74999279e-01]
Covariance: 
[[ inf  inf  inf]
 [ inf  inf  inf]
 [ inf  inf  inf]]

Fixed parameter: Teff = 37000.0
Number of points: 3
Quadratic fit coefficients: 
[-0.00400001  0.03600009  0.5939998 ]
Covariance: 
[[ inf  inf  inf]
 [ inf  inf  inf]
 [ inf  inf  inf]]

Fixed parameter: Teff = 36000.0
Number of points: 3
Quadratic fit coefficients: 
[ 0.00199994 -0.01699949  0.70999886]
Covariance: 
[[ inf  inf  inf]
 [ inf  inf  inf]
 [ inf  inf  inf]]

Fixed parameter: Teff = 35000.0
Number of points: 3
Quadratic fit coefficients: 
[-0.00200002  0.01700019  0.63899958]
Covariance: 
[[ inf  inf  inf]
 [ inf  inf  inf]
 [ inf  inf  inf]]

Fixed parameter: Teff = 34000.0
Number of points: 3
Quadratic fit coefficients: 
[ 0.00199994 -0.01899944  0.71899874]
Covariance: 
[[ inf  inf  inf]
 [ inf  inf  inf]
 [ inf  inf  inf]]

Fixed parameter: Teff = 33000.0
Number of points: 3
Quadratic fit coefficients: 
[ 0.00199994 -0.01899944  0.71899874]
Covariance: 
[[ inf  inf  inf]
 [ inf  inf  inf]
 [ inf  inf  inf]]

Fixed parameter: Teff = 32000.0
Number of points: 3
Quadratic fit coefficients: 
[ -3.53092409e-08   3.18329927e-07   6.73999288e-01]
Covariance: 
[[ inf  inf  inf]
 [ inf  inf  inf]
 [ inf  inf  inf]]

Fixed parameter: Teff = 31000.0
Number of points: 4
Quadratic fit coefficients: 
[-0.001       0.0079      0.65854999]
Covariance: 
[[  2.00000000e-07  -1.70000000e-06   3.55000000e-06]
 [ -1.70000000e-06   1.44900000e-05  -3.03450000e-05]
 [  3.55000000e-06  -3.03450000e-05   6.37475000e-05]]

Fixed parameter: Teff = 30000.0
Number of points: 4
Quadratic fit coefficients: 
[ 0.001      -0.0083      0.69064999]
Covariance: 
[[  1.80000000e-06  -1.53000000e-05   3.19500000e-05]
 [ -1.53000000e-05   1.30410000e-04  -2.73105000e-04]
 [  3.19500000e-05  -2.73105000e-04   5.73727500e-04]]

Fixed parameter: Teff = 29000.0
Number of points: 4
Quadratic fit coefficients: 
[ 0.001      -0.0079      0.68844999]
Covariance: 
[[  2.00000000e-07  -1.70000000e-06   3.55000000e-06]
 [ -1.70000000e-06   1.44900000e-05  -3.03450000e-05]
 [  3.55000000e-06  -3.03450000e-05   6.37475000e-05]]

Fixed parameter: Teff = 28000.0
Number of points: 4
Quadratic fit coefficients: 
[ -4.13520312e-10   3.53107103e-09   6.72999993e-01]
Covariance: 
[[  1.72316696e-19  -1.46469192e-18   3.05862135e-18]
 [ -1.46469192e-18   1.24843446e-17  -2.61447507e-17]
 [  3.05862135e-18  -2.61447507e-17   5.49237929e-17]]

Fixed parameter: Teff = 27000.0
Number of points: 4
Quadratic fit coefficients: 
[-0.001       0.0091      0.65244999]
Covariance: 
[[  2.00000000e-07  -1.70000000e-06   3.55000000e-06]
 [ -1.70000000e-06   1.44900000e-05  -3.03450000e-05]
 [  3.55000000e-06  -3.03450000e-05   6.37475000e-05]]

Fixed parameter: Teff = 26000.0
Number of points: 5
Quadratic fit coefficients: 
[ -5.71428573e-04   4.17142859e-03   6.65542857e-01]
Covariance: 
[[  6.53061224e-08  -5.22448980e-07   1.01224490e-06]
 [ -5.22448980e-07   4.20244898e-06  -8.18938776e-06]
 [  1.01224490e-06  -8.18938776e-06   1.60669388e-05]]

Fixed parameter: Teff = 25000.0
Number of points: 5
Quadratic fit coefficients: 
[ -2.85714288e-04   2.48571430e-03   6.66971429e-01]
Covariance: 
[[  3.59183673e-07  -2.87346939e-06   5.56734694e-06]
 [ -2.87346939e-06   2.31134694e-05  -4.50416327e-05]
 [  5.56734694e-06  -4.50416327e-05   8.83681633e-05]]

Fixed parameter: Teff = 24000.0
Number of points: 5
Quadratic fit coefficients: 
[ -5.71428573e-04   4.97142859e-03   6.61342857e-01]
Covariance: 
[[  6.53061224e-08  -5.22448980e-07   1.01224490e-06]
 [ -5.22448980e-07   4.20244898e-06  -8.18938776e-06]
 [  1.01224490e-06  -8.18938776e-06   1.60669388e-05]]

Fixed parameter: Teff = 23000.0
Number of points: 5
Quadratic fit coefficients: 
[ -2.85714288e-04   2.48571430e-03   6.65971429e-01]
Covariance: 
[[  3.59183673e-07  -2.87346939e-06   5.56734694e-06]
 [ -2.87346939e-06   2.31134694e-05  -4.50416327e-05]
 [  5.56734694e-06  -4.50416327e-05   8.83681633e-05]]

Fixed parameter: Teff = 22000.0
Number of points: 5
Quadratic fit coefficients: 
[ -2.20917341e-12   1.78419114e-11   6.71000000e-01]
Covariance: 
[[  2.48249832e-24  -1.98599866e-23   3.84787240e-23]
 [ -1.98599866e-23   1.59748767e-22  -3.11305290e-22]
 [  3.84787240e-23  -3.11305290e-22   6.10756650e-22]]

Fixed parameter: Teff = 21000.0
Number of points: 5
Quadratic fit coefficients: 
[ -2.20965293e-12   1.78457666e-11   6.71000000e-01]
Covariance: 
[[  2.48251161e-24  -1.98600929e-23   3.84789299e-23]
 [ -1.98600929e-23   1.59749622e-22  -3.11306956e-22]
 [  3.84789299e-23  -3.11306956e-22   6.10759918e-22]]

Fixed parameter: Teff = 20000.0
Number of points: 5
Quadratic fit coefficients: 
[ -2.85714288e-04   2.08571430e-03   6.66571429e-01]
Covariance: 
[[  3.59183673e-07  -2.87346939e-06   5.56734694e-06]
 [ -2.87346939e-06   2.31134694e-05  -4.50416327e-05]
 [  5.56734694e-06  -4.50416327e-05   8.83681633e-05]]

Fixed parameter: Teff = 19000.0
Number of points: 6
Quadratic fit coefficients: 
[  3.57142857e-04  -2.45000000e-03   6.73571429e-01]
Covariance: 
[[  1.15306122e-07  -8.64795918e-07   1.53741497e-06]
 [ -8.64795918e-07   6.54746599e-06  -1.17612245e-05]
 [  1.53741497e-06  -1.17612245e-05   2.14085034e-05]]

Fixed parameter: Teff = 18000.0
Number of points: 6
Quadratic fit coefficients: 
[ -8.09846312e-15   6.19601957e-14   6.69000000e-01]
Covariance: 
[[  2.30512904e-29  -1.72884678e-28   3.07350539e-28]
 [ -1.72884678e-28   1.30892911e-27  -2.35123162e-27]
 [  3.07350539e-28  -2.35123162e-27   4.27985626e-27]]

Fixed parameter: Teff = 17000.0
Number of points: 6
Quadratic fit coefficients: 
[ -1.42857143e-04   1.07142857e-03   6.66428571e-01]
Covariance: 
[[  1.83673469e-07  -1.37755102e-06   2.44897959e-06]
 [ -1.37755102e-06   1.04295918e-05  -1.87346939e-05]
 [  2.44897959e-06  -1.87346939e-05   3.41020408e-05]]

Fixed parameter: Teff = 16000.0
Number of points: 6
Quadratic fit coefficients: 
[ -3.57142857e-04   2.96428571e-03   6.62000000e-01]
Covariance: 
[[  2.55102041e-08  -1.91326531e-07   3.40136054e-07]
 [ -1.91326531e-07   1.44855442e-06  -2.60204082e-06]
 [  3.40136054e-07  -2.60204082e-06   4.73639456e-06]]

Fixed parameter: Teff = 15000.0
Number of points: 6
Quadratic fit coefficients: 
[  2.85714286e-04  -2.08571429e-03   6.70428571e-01]
Covariance: 
[[  8.97959184e-08  -6.73469388e-07   1.19727891e-06]
 [ -6.73469388e-07   5.09891156e-06  -9.15918367e-06]
 [  1.19727891e-06  -9.15918367e-06   1.66721088e-05]]

Fixed parameter: Teff = 14000.0
Number of points: 7
Quadratic fit coefficients: 
[ -1.90476190e-04   1.33333333e-03   6.64000000e-01]
Covariance: 
[[  3.17460317e-08  -2.22222222e-07   3.57142857e-07]
 [ -2.22222222e-07   1.57936508e-06  -2.58333333e-06]
 [  3.57142857e-07  -2.58333333e-06   4.33333333e-06]]

Fixed parameter: Teff = 13000.0
Number of points: 6
Quadratic fit coefficients: 
[  3.57142857e-04  -2.39285714e-03   6.68857143e-01]
Covariance: 
[[  2.55102041e-08  -1.91326531e-07   3.40136054e-07]
 [ -1.91326531e-07   1.44855442e-06  -2.60204082e-06]
 [  3.40136054e-07  -2.60204082e-06   4.73639456e-06]]

Fixed parameter: Teff = 12750.0
Number of points: 6
Quadratic fit coefficients: 
[ -6.97784412e-15   5.71428571e-04   6.62857143e-01]
Covariance: 
[[  8.16326531e-08  -6.12244898e-07   1.08843537e-06]
 [ -6.12244898e-07   4.63537415e-06  -8.32653061e-06]
 [  1.08843537e-06  -8.32653061e-06   1.51564626e-05]]

Fixed parameter: Teff = 12500.0
Number of points: 6
Quadratic fit coefficients: 
[ -7.14285714e-05   8.78571429e-04   6.62428571e-01]
Covariance: 
[[  1.15306122e-07  -8.64795918e-07   1.53741497e-06]
 [ -8.64795918e-07   6.54746599e-06  -1.17612245e-05]
 [  1.53741497e-06  -1.17612245e-05   2.14085034e-05]]

Fixed parameter: Teff = 12250.0
Number of points: 6
Quadratic fit coefficients: 
[ -7.14285714e-05   8.78571429e-04   6.62428571e-01]
Covariance: 
[[  1.15306122e-07  -8.64795918e-07   1.53741497e-06]
 [ -8.64795918e-07   6.54746599e-06  -1.17612245e-05]
 [  1.53741497e-06  -1.17612245e-05   2.14085034e-05]]

Fixed parameter: Teff = 12000.0
Number of points: 6
Quadratic fit coefficients: 
[ -6.84466388e-15   5.14285714e-04   6.62571429e-01]
Covariance: 
[[  4.89795918e-08  -3.67346939e-07   6.53061224e-07]
 [ -3.67346939e-07   2.78122449e-06  -4.99591837e-06]
 [  6.53061224e-07  -4.99591837e-06   9.09387755e-06]]

Fixed parameter: Teff = 11750.0
Number of points: 7
Quadratic fit coefficients: 
[ -2.38095238e-04   2.02380952e-03   6.59785714e-01]
Covariance: 
[[  1.13378685e-08  -7.93650794e-08   1.27551020e-07]
 [ -7.93650794e-08   5.64058957e-07  -9.22619048e-07]
 [  1.27551020e-07  -9.22619048e-07   1.54761905e-06]]

Fixed parameter: Teff = 11500.0
Number of points: 7
Quadratic fit coefficients: 
[ -2.09438096e-16   5.71428571e-04   6.61857143e-01]
Covariance: 
[[  2.72108844e-08  -1.90476190e-07   3.06122449e-07]
 [ -1.90476190e-07   1.35374150e-06  -2.21428571e-06]
 [  3.06122449e-07  -2.21428571e-06   3.71428571e-06]]

Fixed parameter: Teff = 11250.0
Number of points: 7
Quadratic fit coefficients: 
[ -1.29781060e-16   5.71428571e-04   6.60857143e-01]
Covariance: 
[[  2.72108844e-08  -1.90476190e-07   3.06122449e-07]
 [ -1.90476190e-07   1.35374150e-06  -2.21428571e-06]
 [  3.06122449e-07  -2.21428571e-06   3.71428571e-06]]

Fixed parameter: Teff = 11000.0
Number of points: 7
Quadratic fit coefficients: 
[  1.90476190e-04  -7.61904762e-04   6.62857143e-01]
Covariance: 
[[  4.53514739e-08  -3.17460317e-07   5.10204082e-07]
 [ -3.17460317e-07   2.25623583e-06  -3.69047619e-06]
 [  5.10204082e-07  -3.69047619e-06   6.19047619e-06]]

Fixed parameter: Teff = 10750.0
Number of points: 7
Quadratic fit coefficients: 
[ -1.62556388e-16   5.71428571e-04   6.60142857e-01]
Covariance: 
[[  2.72108844e-08  -1.90476190e-07   3.06122449e-07]
 [ -1.90476190e-07   1.35374150e-06  -2.21428571e-06]
 [  3.06122449e-07  -2.21428571e-06   3.71428571e-06]]

Fixed parameter: Teff = 10500.0
Number of points: 7
Quadratic fit coefficients: 
[ -1.16184070e-16   5.71428571e-04   6.60142857e-01]
Covariance: 
[[  2.72108844e-08  -1.90476190e-07   3.06122449e-07]
 [ -1.90476190e-07   1.35374150e-06  -2.21428571e-06]
 [  3.06122449e-07  -2.21428571e-06   3.71428571e-06]]

Fixed parameter: Teff = 10250.0
Number of points: 7
Quadratic fit coefficients: 
[  9.52380952e-05  -2.38095238e-04   6.61000000e-01]
Covariance: 
[[  1.81405896e-08  -1.26984127e-07   2.04081633e-07]
 [ -1.26984127e-07   9.02494331e-07  -1.47619048e-06]
 [  2.04081633e-07  -1.47619048e-06   2.47619048e-06]]

Fixed parameter: Teff = 10000.0
Number of points: 7
Quadratic fit coefficients: 
[  1.42857143e-04  -3.57142857e-04   6.60071429e-01]
Covariance: 
[[  2.04081633e-08  -1.42857143e-07   2.29591837e-07]
 [ -1.42857143e-07   1.01530612e-06  -1.66071429e-06]
 [  2.29591837e-07  -1.66071429e-06   2.78571429e-06]]

Fixed parameter: Teff = 9750.0
Number of points: 7
Quadratic fit coefficients: 
[ -9.52380952e-05   1.09523810e-03   6.58000000e-01]
Covariance: 
[[  1.81405896e-08  -1.26984127e-07   2.04081633e-07]
 [ -1.26984127e-07   9.02494331e-07  -1.47619048e-06]
 [  2.04081633e-07  -1.47619048e-06   2.47619048e-06]]

Fixed parameter: Teff = 9500.0
Number of points: 7
Quadratic fit coefficients: 
[ -1.56704520e-16   7.14285714e-04   6.57642857e-01]
Covariance: 
[[  6.12244898e-08  -4.28571429e-07   6.88775510e-07]
 [ -4.28571429e-07   3.04591837e-06  -4.98214286e-06]
 [  6.88775510e-07  -4.98214286e-06   8.35714286e-06]]

Fixed parameter: Teff = 9250.0
Number of points: 7
Quadratic fit coefficients: 
[  1.42857143e-04  -3.57142857e-04   6.59071429e-01]
Covariance: 
[[  2.04081633e-08  -1.42857143e-07   2.29591837e-07]
 [ -1.42857143e-07   1.01530612e-06  -1.66071429e-06]
 [  2.29591837e-07  -1.66071429e-06   2.78571429e-06]]

Fixed parameter: Teff = 9000.0
Number of points: 8
Quadratic fit coefficients: 
[ -1.33655162e-09   7.14294758e-04   6.56678558e-01]
Covariance: 
[[  1.22448980e-08  -7.95918367e-08   1.13265306e-07]
 [ -7.95918367e-08   5.29591837e-07  -7.76020408e-07]
 [  1.13265306e-07  -7.76020408e-07   1.19311224e-06]]

Fixed parameter: Teff = 8750.0
Number of points: 8
Quadratic fit coefficients: 
[ -1.31675245e-09   7.14294624e-04   6.55678558e-01]
Covariance: 
[[  1.22448980e-08  -7.95918367e-08   1.13265306e-07]
 [ -7.95918367e-08   5.29591837e-07  -7.76020408e-07]
 [  1.13265306e-07  -7.76020408e-07   1.19311224e-06]]

Fixed parameter: Teff = 8500.0
Number of points: 8
Quadratic fit coefficients: 
[ -1.90477442e-04   1.90477037e-03   6.53321416e-01]
Covariance: 
[[  8.61678005e-09  -5.60090703e-08   7.97052154e-08]
 [ -5.60090703e-08   3.72675737e-07  -5.46088435e-07]
 [  7.97052154e-08  -5.46088435e-07   8.39597506e-07]]

Fixed parameter: Teff = 8250.0
Number of points: 9
Quadratic fit coefficients: 
[ -3.89611273e-05   7.33766796e-04   6.54547618e-01]
Covariance: 
[[  1.92275257e-08  -1.15365154e-07   1.41001855e-07]
 [ -1.15365154e-07   7.16866251e-07  -9.20037106e-07]
 [  1.41001855e-07  -9.20037106e-07   1.29721707e-06]]

Fixed parameter: Teff = 8000.0
Number of points: 9
Quadratic fit coefficients: 
[ -4.32901303e-05   7.93074146e-04   6.53638094e-01]
Covariance: 
[[  1.66188790e-08  -9.97132737e-08   1.21871779e-07]
 [ -9.97132737e-08   6.19607204e-07  -7.95213358e-07]
 [  1.21871779e-07  -7.95213358e-07   1.12122037e-06]]

Fixed parameter: Teff = 7750.0
Number of points: 9
Quadratic fit coefficients: 
[ -1.64502248e-04   1.45368019e-03   6.51838095e-01]
Covariance: 
[[  3.76304792e-09  -2.25782875e-08   2.75956847e-08]
 [ -2.25782875e-08   1.40298970e-07  -1.80061843e-07]
 [  2.75956847e-08  -1.80061843e-07   2.53880300e-07]]

Fixed parameter: Teff = 7500.0
Number of points: 10
Quadratic fit coefficients: 
[ -1.06060609e-04   1.11666669e-03   6.51150000e-01]
Covariance: 
[[  5.89662862e-09  -3.24314574e-08   3.24314574e-08]
 [ -3.24314574e-08   1.87807622e-07  -2.04318182e-07]
 [  3.24314574e-08  -2.04318182e-07   2.69181097e-07]]

Fixed parameter: Teff = 7250.0
Number of points: 10
Quadratic fit coefficients: 
[ -2.87878791e-04   1.93484850e-03   6.49550000e-01]
Covariance: 
[[  6.99855700e-09  -3.84920635e-08   3.84920635e-08]
 [ -3.84920635e-08   2.22904040e-07  -2.42500000e-07]
 [  3.84920635e-08  -2.42500000e-07   3.19484127e-07]]

Fixed parameter: Teff = 7000.0
Number of points: 10
Quadratic fit coefficients: 
[ -3.48484851e-04   2.28030305e-03   6.48083333e-01]
Covariance: 
[[  5.47684639e-09  -3.01226551e-08   3.01226551e-08]
 [ -3.01226551e-08   1.74437557e-07  -1.89772727e-07]
 [  3.01226551e-08  -1.89772727e-07   2.50018038e-07]]

Fixed parameter: Teff = 6750.0
Number of points: 10
Quadratic fit coefficients: 
[ -3.18181821e-04   1.91969699e-03   6.47183333e-01]
Covariance: 
[[  2.01364292e-09  -1.10750361e-08   1.10750361e-08]
 [ -1.10750361e-08   6.41345271e-08  -6.97727273e-08]
 [  1.10750361e-08  -6.97727273e-08   9.19227994e-08]]

Fixed parameter: Teff = 6500.0
Number of points: 10
Quadratic fit coefficients: 
[ -2.42424245e-04   1.44242426e-03   6.46666667e-01]
Covariance: 
[[  8.29069920e-09  -4.55988456e-08   4.55988456e-08]
 [ -4.55988456e-08   2.64058770e-07  -2.87272727e-07]
 [  4.55988456e-08  -2.87272727e-07   3.78470418e-07]]

Fixed parameter: Teff = 6250.0
Number of points: 10
Quadratic fit coefficients: 
[  7.57575728e-05  -3.80303013e-04   6.47016667e-01]
Covariance: 
[[  8.15295815e-09  -4.48412698e-08   4.48412698e-08]
 [ -4.48412698e-08   2.59671717e-07  -2.82500000e-07]
 [  4.48412698e-08  -2.82500000e-07   3.72182540e-07]]

Fixed parameter: Teff = 6000.0
Number of points: 11
Quadratic fit coefficients: 
[ -5.42724372e-14   3.11672795e-13   6.45000000e-01]
Covariance: 
[[  4.91707495e-28  -2.45853748e-27   1.84390311e-27]
 [ -2.45853748e-27   1.32515170e-26  -1.16165896e-26]
 [  1.84390311e-27  -1.16165896e-26   1.53043958e-26]]

Fixed parameter: Teff = 5750.0
Number of points: 11
Quadratic fit coefficients: 
[ -4.66200471e-06   7.78554782e-05   6.42937063e-01]
Covariance: 
[[  1.92565787e-09  -9.62828935e-09   7.22121701e-09]
 [ -9.62828935e-09   5.18964796e-08  -4.54936672e-08]
 [  7.22121701e-09  -4.54936672e-08   5.99361012e-08]]

Fixed parameter: Teff = 5500.0
Number of points: 11
Quadratic fit coefficients: 
[ -1.16550117e-04   5.64568765e-04   6.40881119e-01]
Covariance: 
[[  3.36664113e-09  -1.68332056e-08   1.26249042e-08]
 [ -1.68332056e-08   9.07309784e-08  -7.95368967e-08]
 [  1.26249042e-08  -7.95368967e-08   1.04786705e-07]]

Fixed parameter: Teff = 5250.0
Number of points: 11
Quadratic fit coefficients: 
[ -9.32400933e-05   3.20745921e-04   6.39468531e-01]
Covariance: 
[[  3.91434517e-09  -1.95717259e-08   1.46787944e-08]
 [ -1.95717259e-08   1.05491602e-07  -9.24764047e-08]
 [  1.46787944e-08  -9.24764047e-08   1.21833994e-07]]

Fixed parameter: Teff = 5000.0
Number of points: 11
Quadratic fit coefficients: 
[  2.79720279e-05  -1.76223776e-04   6.37104895e-01]
Covariance: 
[[  1.93652501e-09  -9.68262507e-09   7.26196880e-09]
 [ -9.68262507e-09   5.21893491e-08  -4.57504034e-08]
 [  7.26196880e-09  -4.57504034e-08   6.02743410e-08]]

Fixed parameter: Teff = 4750.0
Number of points: 11
Quadratic fit coefficients: 
[ -1.21212121e-04   4.96969697e-04   6.34000000e-01]
Covariance: 
[[  5.87695133e-09  -2.93847567e-08   2.20385675e-08]
 [ -2.93847567e-08   1.58383838e-07  -1.38842975e-07]
 [  2.20385675e-08  -1.38842975e-07   1.82920110e-07]]

Fixed parameter: Teff = 4500.0
Number of points: 11
Quadratic fit coefficients: 
[  3.26340326e-05  -4.35897436e-04   6.31622378e-01]
Covariance: 
[[  3.57529029e-09  -1.78764514e-08   1.34073386e-08]
 [ -1.78764514e-08   9.63540733e-08  -8.44662331e-08]
 [  1.34073386e-08  -8.44662331e-08   1.11280910e-07]]

Fixed parameter: Teff = 4250.0
Number of points: 11
Quadratic fit coefficients: 
[ -1.11888112e-04  -5.87412585e-05   6.27125874e-01]
Covariance: 
[[  1.91044387e-09  -9.55221934e-09   7.16416451e-09]
 [ -9.55221934e-09   5.14864623e-08  -4.51342364e-08]
 [  7.16416451e-09  -4.51342364e-08   5.94625654e-08]]

Fixed parameter: Teff = 4000.0
Number of points: 11
Quadratic fit coefficients: 
[ -3.19822351e-14  -1.34545455e-03   6.21454545e-01]
Covariance: 
[[  1.66136893e-08  -8.30684467e-08   6.23013350e-08]
 [ -8.30684467e-08   4.47738928e-07  -3.92498411e-07]
 [  6.23013350e-08  -3.92498411e-07   5.17101081e-07]]

Fixed parameter: Teff = 3750.0
Number of points: 11
Quadratic fit coefficients: 
[ 0.00082517 -0.00585315  0.61141259]
Covariance: 
[[  2.66679707e-08  -1.33339854e-07   1.00004890e-07]
 [ -1.33339854e-07   7.18701811e-07  -6.30030808e-07]
 [  1.00004890e-07  -6.30030808e-07   8.30040589e-07]]

Fixed parameter: Teff = 3500.0
Number of points: 11
Quadratic fit coefficients: 
[ 0.00165501 -0.00749324  0.5877972 ]
Covariance: 
[[  7.07668400e-09  -3.53834200e-08   2.65375650e-08]
 [ -3.53834200e-08   1.90716634e-07  -1.67186659e-07]
 [  2.65375650e-08  -1.67186659e-07   2.20261789e-07]]

