Teff & log(g) function coefficient analysis for filter: f218w
(function has the form: y = a*(Teff*log(g)) + b*log(g) + c) 

Fixed parameter: log(g) = 4.5
Number of points (maximum of 72): 15

Two-variable function fit coefficients: 
[ -1.40890777e-06   1.00195990e+00  -8.43156771e-04]
Covariance: 
[[  2.45450141e-12   2.39701792e-18  -6.01025031e-11]
 [  2.39701792e-18   2.34088067e-24  -5.86949385e-17]
 [ -6.01025031e-11  -5.86949385e-17   7.80242946e-08]]


Teff & log(g) function coefficient analysis for filter: f225w
(function has the form: y = a*(Teff*log(g)) + b*log(g) + c) 

Fixed parameter: log(g) = 4.5
Number of points (maximum of 72): 15

Two-variable function fit coefficients: 
[ -5.07202653e-07   1.00115764e+00   2.31926406e-03]
Covariance: 
[[  2.69894240e+02  -7.67691380e+08  -4.38939028e-05]
 [ -7.67691380e+08   2.18363332e+15   1.24852480e+02]
 [ -4.38939028e-05   1.24852480e+02   9.34426306e-09]]


Teff & log(g) function coefficient analysis for filter: f275w
(function has the form: y = a*(Teff*log(g)) + b*log(g) + c) 

Fixed parameter: log(g) = 4.5
Number of points (maximum of 72): 15

Two-variable function fit coefficients: 
[ -2.52629506e-06   1.00140166e+00   1.15324238e-03]
Covariance: 
[[  2.08682102e+03  -1.19172396e+09  -4.26077717e-05]
 [ -1.19172396e+09   6.80559558e+14   2.43320825e+01]
 [ -4.26077717e-05   2.43320825e+01   1.13761840e-09]]


Teff & log(g) function coefficient analysis for filter: f300x
(function has the form: y = a*(Teff*log(g)) + b*log(g) + c) 

Fixed parameter: log(g) = 4.5
Number of points (maximum of 72): 15

Two-variable function fit coefficients: 
[  4.39055516e-06   1.00302499e+00  -2.39415648e-03]
Covariance: 
[[  2.16493373e+03   7.11376819e+08  -5.58631744e-05]
 [  7.11376819e+08   2.33751718e+14  -1.83561121e+01]
 [ -5.58631744e-05  -1.83561121e+01   1.87642499e-09]]


Teff & log(g) function coefficient analysis for filter: f336w
(function has the form: y = a*(Teff*log(g)) + b*log(g) + c) 

Fixed parameter: log(g) = 4.5
Number of points (maximum of 72): 15

Two-variable function fit coefficients: 
[  2.97825831e-07   1.00186478e+00  -3.50622864e-04]
Covariance: 
[[  1.32390485e-15  -2.73303136e-22  -3.24201248e-14]
 [ -2.73303136e-22   5.64199188e-29   6.69273436e-21]
 [ -3.24201248e-14   6.69273436e-21   4.20901633e-11]]


Teff & log(g) function coefficient analysis for filter: f390w
(function has the form: y = a*(Teff*log(g)) + b*log(g) + c) 

Fixed parameter: log(g) = 4.5
Number of points (maximum of 72): 15

Two-variable function fit coefficients: 
[  2.20880328e-06   1.00253953e+00  -2.63051712e-03]
Covariance: 
[[  1.04679975e+02   6.83724467e+07  -1.52591934e-06]
 [  6.83724467e+07   4.46579346e+13  -9.96664717e-01]
 [ -1.52591934e-06  -9.96664717e-01   2.90308195e-11]]


Teff & log(g) function coefficient analysis for filter: f438w
(function has the form: y = a*(Teff*log(g)) + b*log(g) + c) 

Fixed parameter: log(g) = 4.5
Number of points (maximum of 72): 15

Two-variable function fit coefficients: 
[  1.58249840e-09   1.01064798e+00   4.69960904e-04]
Covariance: 
[[  5.54898654e-18  -6.08746027e-27  -1.35060258e-16]
 [ -6.08746027e-27   6.67819283e-36   1.49120907e-25]
 [ -1.35060258e-16   1.49120907e-25   1.74280780e-13]]


Teff & log(g) function coefficient analysis for filter: f475w
(function has the form: y = a*(Teff*log(g)) + b*log(g) + c) 

Fixed parameter: log(g) = 4.5
Number of points (maximum of 72): 15

Two-variable function fit coefficients: 
[ -1.22530615e-06   1.00144481e+00   1.28137618e-03]
Covariance: 
[[  6.44834281e-15   5.47668930e-21  -1.57954663e-13]
 [  5.47668930e-21   4.65144714e-27  -1.34152180e-19]
 [ -1.57954663e-13  -1.34152180e-19   2.05127932e-10]]


Teff & log(g) function coefficient analysis for filter: f555w
(function has the form: y = a*(Teff*log(g)) + b*log(g) + c) 

Fixed parameter: log(g) = 4.5
Number of points (maximum of 72): 15

Two-variable function fit coefficients: 
[ -6.99896570e-07   1.00132448e+00   1.12909943e-03]
Covariance: 
[[  2.75979405e-15   1.33886230e-21  -6.76078659e-14]
 [  1.33886230e-21   6.49523926e-28  -3.27983706e-20]
 [ -6.76078659e-14  -3.27983706e-20   8.78063248e-11]]


Teff & log(g) function coefficient analysis for filter: f606w
(function has the form: y = a*(Teff*log(g)) + b*log(g) + c) 

Fixed parameter: log(g) = 4.5
Number of points (maximum of 72): 15

Two-variable function fit coefficients: 
[ -3.56030562e-07   1.00140606e+00   1.11842253e-03]
Covariance: 
[[  8.46241100e-15   2.08836429e-21  -2.07295613e-13]
 [  2.08836429e-21   5.15369131e-28  -5.11529801e-20]
 [ -2.07295613e-13  -5.11529801e-20   2.69211820e-10]]


Teff & log(g) function coefficient analysis for filter: f625w
(function has the form: y = a*(Teff*log(g)) + b*log(g) + c) 

Fixed parameter: log(g) = 4.5
Number of points (maximum of 72): 15

Two-variable function fit coefficients: 
[ -2.24775321e-07   1.00254087e+00   3.59715326e-04]
Covariance: 
[[  2.76297890e-16   4.30478380e-23  -6.76288423e-15]
 [  4.30478380e-23   6.70695080e-30  -1.05363441e-21]
 [ -6.76288423e-15  -1.05363441e-21   8.77595434e-12]]


Teff & log(g) function coefficient analysis for filter: f775w
(function has the form: y = a*(Teff*log(g)) + b*log(g) + c) 

Fixed parameter: log(g) = 4.5
Number of points (maximum of 72): 15

Two-variable function fit coefficients: 
[ -1.41658015e-07   1.00253202e+00   1.79838456e-04]
Covariance: 
[[  8.89445506e-17   8.73345012e-24  -2.17709007e-15]
 [  8.73345012e-24   8.57535964e-31  -2.13765246e-22]
 [ -2.17709007e-15  -2.13765246e-22   2.82514970e-12]]


Teff & log(g) function coefficient analysis for filter: f814w
(function has the form: y = a*(Teff*log(g)) + b*log(g) + c) 

Fixed parameter: log(g) = 4.5
Number of points (maximum of 72): 15

Two-variable function fit coefficients: 
[  8.15737810e-08   1.00131823e+00  -1.19938195e-04]
Covariance: 
[[  1.29920765e-17  -7.34606578e-25  -3.18273886e-16]
 [ -7.34606578e-25   4.15366106e-32   1.79964524e-23]
 [ -3.18273886e-16   1.79964524e-23   4.13362866e-13]]


Teff & log(g) function coefficient analysis for filter: G
(function has the form: y = a*(Teff*log(g)) + b*log(g) + c) 

Fixed parameter: log(g) = 4.5
Number of points (maximum of 72): 15

Two-variable function fit coefficients: 
[ -2.77120938e-06   1.00122788e+00   4.99922424e-03]
Covariance: 
[[  9.44378472e+01  -4.91644615e+07   2.19396826e-06]
 [ -4.91644615e+07   2.55950802e+13  -1.14218265e+00]
 [  2.19396826e-06  -1.14218265e+00   6.65586296e-11]]


Teff & log(g) function coefficient analysis for filter: Gbp
(function has the form: y = a*(Teff*log(g)) + b*log(g) + c) 

Fixed parameter: log(g) = 4.5
Number of points (maximum of 72): 15

Two-variable function fit coefficients: 
[  7.69574898e-07   1.00187214e+00   7.67061099e-07]
Covariance: 
[[  2.02559496e-15  -1.08051004e-21  -4.96030410e-14]
 [ -1.08051004e-21   5.76374824e-28   2.64591984e-20]
 [ -4.96030410e-14   2.64591984e-20   6.43979458e-11]]


Teff & log(g) function coefficient analysis for filter: Grp
(function has the form: y = a*(Teff*log(g)) + b*log(g) + c) 

Fixed parameter: log(g) = 4.5
Number of points (maximum of 72): 15

Two-variable function fit coefficients: 
[ -7.69555220e-07   1.00167618e+00   9.99228154e-04]
Covariance: 
[[  2.02653642e-15   1.08098425e-21  -4.96328366e-14]
 [  1.08098425e-21   5.76612857e-28  -2.64739386e-20]
 [ -4.96328366e-14  -2.64739386e-20   6.44453814e-11]]


