Fixed parameter: Teff = 8500.0
Number of points: 8
Quadratic fit coefficients: 
[ 0.00130952 -0.00544048 -0.00449405]
Covariance: 
[[  2.06009070e-07  -1.33905896e-06   1.90558390e-06]
 [ -1.33905896e-06   8.90989229e-06  -1.30558248e-05]
 [  1.90558390e-06  -1.30558248e-05   2.00730088e-05]]

Fixed parameter: Teff = 8250.0
Number of points: 9
Quadratic fit coefficients: 
[ 0.00219048 -0.01034286 -0.00011429]
Covariance: 
[[  8.10307153e-07  -4.86184292e-06   5.94225246e-06]
 [ -4.86184292e-06   3.02109517e-05  -3.87731973e-05]
 [  5.94225246e-06  -3.87731973e-05   5.46687226e-05]]

Fixed parameter: Teff = 8000.0
Number of points: 9
Quadratic fit coefficients: 
[ 0.00104762 -0.00048571 -0.0201619 ]
Covariance: 
[[  9.39352711e-07  -5.63611626e-06   6.88858655e-06]
 [ -5.63611626e-06   3.50222002e-05  -4.49480272e-05]
 [  6.88858655e-06  -4.49480272e-05   6.33749962e-05]]

Fixed parameter: Teff = 7750.0
Number of points: 9
Quadratic fit coefficients: 
[-0.00079654  0.01477922 -0.05161905]
Covariance: 
[[  6.17679579e-07  -3.70607747e-06   4.52965024e-06]
 [ -3.70607747e-06   2.30291536e-05  -2.95559678e-05]
 [  4.52965024e-06  -2.95559678e-05   4.16727822e-05]]

Fixed parameter: Teff = 7500.0
Number of points: 10
Quadratic fit coefficients: 
[ 0.0004697   0.00968333 -0.05435   ]
Covariance: 
[[  2.54048931e-06  -1.39726912e-05   1.39726912e-05]
 [ -1.39726912e-05   8.09145845e-05  -8.80279545e-05]
 [  1.39726912e-05  -8.80279545e-05   1.15973337e-04]]

Fixed parameter: Teff = 7250.0
Number of points: 10
Quadratic fit coefficients: 
[-0.00365152  0.0409197  -0.11008333]
Covariance: 
[[  1.35785780e-06  -7.46821789e-06   7.46821789e-06]
 [ -7.46821789e-06   4.32477709e-05  -4.70497727e-05]
 [  7.46821789e-06  -4.70497727e-05   6.19862085e-05]]

Fixed parameter: Teff = 7000.0
Number of points: 10
Quadratic fit coefficients: 
[-0.0079697   0.07383333 -0.17063333]
Covariance: 
[[  6.73461892e-07  -3.70404040e-06   3.70404040e-06]
 [ -3.70404040e-06   2.14497612e-05  -2.33354545e-05]
 [  3.70404040e-06  -2.33354545e-05   3.07435354e-05]]

Fixed parameter: Teff = 6750.0
Number of points: 10
Quadratic fit coefficients: 
[-0.01260606  0.10939394 -0.2352    ]
Covariance: 
[[  5.19060737e-07  -2.85483405e-06   2.85483405e-06]
 [ -2.85483405e-06   1.65320845e-05  -1.79854545e-05]
 [  2.85483405e-06  -1.79854545e-05   2.36951227e-05]]

Fixed parameter: Teff = 6500.0
Number of points: 10
Quadratic fit coefficients: 
[-0.01765152  0.14861061 -0.30788333]
Covariance: 
[[  7.11183261e-07  -3.91150794e-06   3.91150794e-06]
 [ -3.91150794e-06   2.26511869e-05  -2.46425000e-05]
 [  3.91150794e-06  -2.46425000e-05   3.24655159e-05]]

Fixed parameter: Teff = 6250.0
Number of points: 10
Quadratic fit coefficients: 
[-0.02272727  0.19030909 -0.3904    ]
Covariance: 
[[  8.86580087e-07  -4.87619048e-06   4.87619048e-06]
 [ -4.87619048e-06   2.82375758e-05  -3.07200000e-05]
 [  4.87619048e-06  -3.07200000e-05   4.04723810e-05]]

Fixed parameter: Teff = 6000.0
Number of points: 11
Quadratic fit coefficients: 
[-0.02640093  0.22555012 -0.47068531]
Covariance: 
[[  9.90290207e-07  -4.95145104e-06   3.71358828e-06]
 [ -4.95145104e-06   2.66883211e-05  -2.33956061e-05]
 [  3.71358828e-06  -2.33956061e-05   3.08227827e-05]]

Fixed parameter: Teff = 5750.0
Number of points: 11
Quadratic fit coefficients: 
[-0.02834033  0.24808345 -0.53077622]
Covariance: 
[[  2.73777908e-06  -1.36888954e-05   1.02666716e-05]
 [ -1.36888954e-05   7.37831463e-05  -6.46800308e-05]
 [  1.02666716e-05  -6.46800308e-05   8.52133739e-05]]

Fixed parameter: Teff = 5500.0
Number of points: 11
Quadratic fit coefficients: 
[-0.02309091  0.21343636 -0.48618182]
Covariance: 
[[  3.38512397e-06  -1.69256198e-05   1.26942149e-05]
 [ -1.69256198e-05   9.12290909e-05  -7.99735537e-05]
 [  1.26942149e-05  -7.99735537e-05   1.05361983e-04]]

Fixed parameter: Teff = 5250.0
Number of points: 11
Quadratic fit coefficients: 
[-0.01102564  0.12201911 -0.33175524]
Covariance: 
[[  9.15848099e-07  -4.57924050e-06   3.43443037e-06]
 [ -4.57924050e-06   2.46821063e-05  -2.16369113e-05]
 [  3.43443037e-06  -2.16369113e-05   2.85057721e-05]]

Fixed parameter: Teff = 5000.0
Number of points: 11
Quadratic fit coefficients: 
[-0.00272261  0.05924942 -0.22057343]
Covariance: 
[[  7.43692981e-07  -3.71846491e-06   2.78884868e-06]
 [ -3.71846491e-06   2.00425259e-05  -1.75697467e-05]
 [  2.78884868e-06  -1.75697467e-05   2.31474440e-05]]

Fixed parameter: Teff = 4750.0
Number of points: 11
Quadratic fit coefficients: 
[-0.00095571  0.04352401 -0.18553846]
Covariance: 
[[  9.10599269e-07  -4.55299634e-06   3.41474726e-06]
 [ -4.55299634e-06   2.45406503e-05  -2.15129077e-05]
 [  3.41474726e-06  -2.15129077e-05   2.83424022e-05]]

Fixed parameter: Teff = 4500.0
Number of points: 11
Quadratic fit coefficients: 
[-0.00074592  0.02656597 -0.11425175]
Covariance: 
[[  2.67418673e-08  -1.33709337e-07   1.00282002e-07]
 [ -1.33709337e-07   7.20693324e-07  -6.31776615e-07]
 [  1.00282002e-07  -6.31776615e-07   8.32340620e-07]]

Fixed parameter: Teff = 19000.0
Number of points: 6
Quadratic fit coefficients: 
[-0.00128571  0.01461429 -0.04128571]
Covariance: 
[[  2.16326531e-07  -1.62244898e-06   2.88435374e-06]
 [ -1.62244898e-06   1.22837415e-05  -2.20653061e-05]
 [  2.88435374e-06  -2.20653061e-05   4.01646259e-05]]

Fixed parameter: Teff = 18000.0
Number of points: 6
Quadratic fit coefficients: 
[-0.002       0.01957143 -0.04814286]
Covariance: 
[[  8.16326531e-08  -6.12244898e-07   1.08843537e-06]
 [ -6.12244898e-07   4.63537415e-06  -8.32653061e-06]
 [  1.08843537e-06  -8.32653061e-06   1.51564626e-05]]

Fixed parameter: Teff = 17000.0
Number of points: 6
Quadratic fit coefficients: 
[-0.00128571  0.01421429 -0.03928571]
Covariance: 
[[  1.02040816e-07  -7.65306122e-07   1.36054422e-06]
 [ -7.65306122e-07   5.79421769e-06  -1.04081633e-05]
 [  1.36054422e-06  -1.04081633e-05   1.89455782e-05]]

Fixed parameter: Teff = 16000.0
Number of points: 6
Quadratic fit coefficients: 
[-0.00135714  0.01440714 -0.03828571]
Covariance: 
[[  1.15306122e-07  -8.64795918e-07   1.53741497e-06]
 [ -8.64795918e-07   6.54746599e-06  -1.17612245e-05]
 [  1.53741497e-06  -1.17612245e-05   2.14085034e-05]]

Fixed parameter: Teff = 14000.0
Number of points: 7
Quadratic fit coefficients: 
[-0.00119048  0.01311905 -0.036     ]
Covariance: 
[[  5.21541950e-08  -3.65079365e-07   5.86734694e-07]
 [ -3.65079365e-07   2.59467120e-06  -4.24404762e-06]
 [  5.86734694e-07  -4.24404762e-06   7.11904762e-06]]

Fixed parameter: Teff = 11750.0
Number of points: 7
Quadratic fit coefficients: 
[-0.00133333  0.0127619  -0.03085714]
Covariance: 
[[  5.89569161e-08  -4.12698413e-07   6.63265306e-07]
 [ -4.12698413e-07   2.93310658e-06  -4.79761905e-06]
 [  6.63265306e-07  -4.79761905e-06   8.04761905e-06]]

Fixed parameter: Teff = 11500.0
Number of points: 7
Quadratic fit coefficients: 
[-0.00133333  0.01261905 -0.03021429]
Covariance: 
[[  1.20181406e-07  -8.41269841e-07   1.35204082e-06]
 [ -8.41269841e-07   5.97902494e-06  -9.77976190e-06]
 [  1.35204082e-06  -9.77976190e-06   1.64047619e-05]]

Fixed parameter: Teff = 7250.0
Number of points: 10
Quadratic fit coefficients: 
[-0.00206061  0.01638788 -0.02913333]
Covariance: 
[[  2.59058114e-07  -1.42481962e-06   1.42481962e-06]
 [ -1.42481962e-06   8.25100092e-06  -8.97636364e-06]
 [  1.42481962e-06  -8.97636364e-06   1.18260029e-05]]

Fixed parameter: Teff = 7000.0
Number of points: 10
Quadratic fit coefficients: 
[-0.00369697  0.02866061 -0.05073333]
Covariance: 
[[  1.61301325e-07  -8.87157287e-07   8.87157287e-07]
 [ -8.87157287e-07   5.13744720e-06  -5.58909091e-06]
 [  8.87157287e-07  -5.58909091e-06   7.36340548e-06]]

Fixed parameter: Teff = 6750.0
Number of points: 10
Quadratic fit coefficients: 
[-0.00533333  0.04033939 -0.0694    ]
Covariance: 
[[  8.03358258e-08  -4.41847042e-07   4.41847042e-07]
 [ -4.41847042e-07   2.55869605e-06  -2.78363636e-06]
 [  4.41847042e-07  -2.78363636e-06   3.66733045e-06]]

Fixed parameter: Teff = 6500.0
Number of points: 10
Quadratic fit coefficients: 
[-0.00678788  0.05084848 -0.0868    ]
Covariance: 
[[  8.77344877e-08  -4.82539683e-07   4.82539683e-07]
 [ -4.82539683e-07   2.79434343e-06  -3.04000000e-06]
 [  4.82539683e-07  -3.04000000e-06   4.00507937e-06]]

Fixed parameter: Teff = 6250.0
Number of points: 10
Quadratic fit coefficients: 
[-0.00781818  0.05853939 -0.09973333]
Covariance: 
[[  9.75468975e-08  -5.36507937e-07   5.36507937e-07]
 [ -5.36507937e-07   3.10686869e-06  -3.38000000e-06]
 [  5.36507937e-07  -3.38000000e-06   4.45301587e-06]]

Fixed parameter: Teff = 6000.0
Number of points: 11
Quadratic fit coefficients: 
[-0.00861072  0.06478089 -0.11079021]
Covariance: 
[[  1.29579822e-07  -6.47899109e-07   4.85924332e-07]
 [ -6.47899109e-07   3.49217620e-06  -3.06132329e-06]
 [  4.85924332e-07  -3.06132329e-06   4.03317196e-06]]

Fixed parameter: Teff = 5750.0
Number of points: 11
Quadratic fit coefficients: 
[-0.00951049  0.07311608 -0.13211888]
Covariance: 
[[  1.84478459e-07  -9.22392293e-07   6.91794220e-07]
 [ -9.22392293e-07   4.97169446e-06  -4.35830358e-06]
 [  6.91794220e-07  -4.35830358e-06   5.74189202e-06]]

Fixed parameter: Teff = 5500.0
Number of points: 11
Quadratic fit coefficients: 
[-0.01034965  0.08356643 -0.16672028]
Covariance: 
[[  4.60560419e-07  -2.30280209e-06   1.72710157e-06]
 [ -2.30280209e-06   1.24121033e-05  -1.08807399e-05]
 [  1.72710157e-06  -1.08807399e-05   1.43349430e-05]]

Fixed parameter: Teff = 5250.0
Number of points: 11
Quadratic fit coefficients: 
[-0.01193939  0.10386061 -0.22909091]
Covariance: 
[[  5.92018083e-07  -2.96009041e-06   2.22006781e-06]
 [ -2.96009041e-06   1.59548873e-05  -1.39864272e-05]
 [  2.22006781e-06  -1.39864272e-05   1.84265628e-05]]

Fixed parameter: Teff = 5000.0
Number of points: 11
Quadratic fit coefficients: 
[-0.01702564  0.15480093 -0.35020979]
Covariance: 
[[  1.45176347e-07  -7.25881733e-07   5.44411300e-07]
 [ -7.25881733e-07   3.91250254e-06  -3.42979119e-06]
 [  5.44411300e-07  -3.42979119e-06   4.51861379e-06]]

Fixed parameter: Teff = 4750.0
Number of points: 11
Quadratic fit coefficients: 
[-0.02444289  0.22125082 -0.48661538]
Covariance: 
[[  4.28086350e-06  -2.14043175e-05   1.60532381e-05]
 [ -2.14043175e-05   1.15369271e-04  -1.01135400e-04]
 [  1.60532381e-05  -1.01135400e-04   1.33241877e-04]]

Fixed parameter: Teff = 4500.0
Number of points: 11
Quadratic fit coefficients: 
[-0.01537529  0.17502191 -0.48683916]
Covariance: 
[[  6.01428160e-06  -3.00714080e-05   2.25535560e-05]
 [ -3.00714080e-05   1.62084889e-04  -1.42087403e-04]
 [  2.25535560e-05  -1.42087403e-04   1.87194515e-04]]

Fixed parameter: Teff = 6500.0
Number of points: 10
Quadratic fit coefficients: 
[-0.00090909  0.00790909 -0.0164    ]
Covariance: 
[[  1.11767021e-08  -6.14718615e-08   6.14718615e-08]
 [ -6.14718615e-08   3.55977961e-07  -3.87272727e-07]
 [  6.14718615e-08  -3.87272727e-07   5.10216450e-07]]

Fixed parameter: Teff = 6250.0
Number of points: 10
Quadratic fit coefficients: 
[-0.0009697   0.00882424 -0.01973333]
Covariance: 
[[  1.39577594e-08  -7.67676768e-08   7.67676768e-08]
 [ -7.67676768e-08   4.44554637e-07  -4.83636364e-07]
 [  7.67676768e-08  -4.83636364e-07   6.37171717e-07]]

Fixed parameter: Teff = 6000.0
Number of points: 11
Quadratic fit coefficients: 
[-0.00061072  0.00790816 -0.02333566]
Covariance: 
[[  1.59116719e-08  -7.95583593e-08   5.96687695e-08]
 [ -7.95583593e-08   4.28819557e-07  -3.75913248e-07]
 [  5.96687695e-08  -3.75913248e-07   4.95250787e-07]]

Fixed parameter: Teff = 5750.0
Number of points: 11
Quadratic fit coefficients: 
[-0.00063403  0.00971562 -0.03183217]
Covariance: 
[[  2.60376764e-08  -1.30188382e-07   9.76412865e-08]
 [ -1.30188382e-07   7.01715379e-07  -6.15140105e-07]
 [  9.76412865e-08  -6.15140105e-07   8.10422678e-07]]

Fixed parameter: Teff = 5500.0
Number of points: 11
Quadratic fit coefficients: 
[-0.0007366   0.01164662 -0.0393986 ]
Covariance: 
[[  2.10952994e-08  -1.05476497e-07   7.91073728e-08]
 [ -1.05476497e-07   5.68518319e-07  -4.98376449e-07]
 [  7.91073728e-08  -4.98376449e-07   6.56591194e-07]]

Fixed parameter: Teff = 5250.0
Number of points: 11
Quadratic fit coefficients: 
[-0.00105361  0.01494079 -0.04858741]
Covariance: 
[[  5.25100385e-09  -2.62550193e-08   1.96912644e-08]
 [ -2.62550193e-08   1.41514554e-07  -1.24054966e-07]
 [  1.96912644e-08  -1.24054966e-07   1.63437495e-07]]

Fixed parameter: Teff = 5000.0
Number of points: 11
Quadratic fit coefficients: 
[-0.00161772  0.01937949 -0.05738462]
Covariance: 
[[  1.10605789e-08  -5.53028945e-08   4.14771708e-08]
 [ -5.53028945e-08   2.98082601e-07  -2.61306176e-07]
 [  4.14771708e-08  -2.61306176e-07   3.44260518e-07]]

Fixed parameter: Teff = 4750.0
Number of points: 11
Quadratic fit coefficients: 
[-0.00393473  0.03458275 -0.07557343]
Covariance: 
[[  1.34535239e-08  -6.72676197e-08   5.04507148e-08]
 [ -6.72676197e-08   3.62572470e-07  -3.17839503e-07]
 [  5.04507148e-08  -3.17839503e-07   4.18740933e-07]]

Fixed parameter: Teff = 4500.0
Number of points: 11
Quadratic fit coefficients: 
[-0.01082517  0.08743497 -0.1755035 ]
Covariance: 
[[  6.74601855e-07  -3.37300928e-06   2.52975696e-06]
 [ -3.37300928e-06   1.81805200e-05  -1.59374688e-05]
 [  2.52975696e-06  -1.59374688e-05   2.09969827e-05]]

Fixed parameter: Teff = 12500.0
Number of points: 6
Quadratic fit coefficients: 
[ 0.00107143 -0.00380714 -0.00757143]
Covariance: 
[[  1.56122449e-07  -1.17091837e-06   2.08163265e-06]
 [ -1.17091837e-06   8.86515306e-06  -1.59244898e-05]
 [  2.08163265e-06  -1.59244898e-05   2.89867347e-05]]

Fixed parameter: Teff = 12250.0
Number of points: 6
Quadratic fit coefficients: 
[ 0.00135714 -0.00543571 -0.00685714]
Covariance: 
[[  1.73469388e-08  -1.30102041e-07   2.31292517e-07]
 [ -1.30102041e-07   9.85017007e-07  -1.76938776e-06]
 [  2.31292517e-07  -1.76938776e-06   3.22074830e-06]]

Fixed parameter: Teff = 12000.0
Number of points: 6
Quadratic fit coefficients: 
[ 0.00135714 -0.00492143 -0.00928571]
Covariance: 
[[  1.73469388e-08  -1.30102041e-07   2.31292517e-07]
 [ -1.30102041e-07   9.85017007e-07  -1.76938776e-06]
 [  2.31292517e-07  -1.76938776e-06   3.22074830e-06]]

Fixed parameter: Teff = 11750.0
Number of points: 7
Quadratic fit coefficients: 
[ 0.00119048 -0.00369048 -0.01085714]
Covariance: 
[[  7.93650794e-08  -5.55555556e-07   8.92857143e-07]
 [ -5.55555556e-07   3.94841270e-06  -6.45833333e-06]
 [  8.92857143e-07  -6.45833333e-06   1.08333333e-05]]

Fixed parameter: Teff = 11500.0
Number of points: 7
Quadratic fit coefficients: 
[ 0.00104762 -0.00204762 -0.01557143]
Covariance: 
[[  7.25623583e-08  -5.07936508e-07   8.16326531e-07]
 [ -5.07936508e-07   3.60997732e-06  -5.90476190e-06]
 [  8.16326531e-07  -5.90476190e-06   9.90476190e-06]]

Fixed parameter: Teff = 11250.0
Number of points: 7
Quadratic fit coefficients: 
[ 0.00128571 -0.00335714 -0.015     ]
Covariance: 
[[  8.84353741e-08  -6.19047619e-07   9.94897959e-07]
 [ -6.19047619e-07   4.39965986e-06  -7.19642857e-06]
 [  9.94897959e-07  -7.19642857e-06   1.20714286e-05]]

Fixed parameter: Teff = 11000.0
Number of points: 7
Quadratic fit coefficients: 
[ 0.00080952  0.00054762 -0.02278571]
Covariance: 
[[  5.21541950e-08  -3.65079365e-07   5.86734694e-07]
 [ -3.65079365e-07   2.59467120e-06  -4.24404762e-06]
 [  5.86734694e-07  -4.24404762e-06   7.11904762e-06]]

Fixed parameter: Teff = 10750.0
Number of points: 7
Quadratic fit coefficients: 
[ 0.00057143  0.00257143 -0.027     ]
Covariance: 
[[  8.16326531e-08  -5.71428571e-07   9.18367347e-07]
 [ -5.71428571e-07   4.06122449e-06  -6.64285714e-06]
 [  9.18367347e-07  -6.64285714e-06   1.11428571e-05]]

Fixed parameter: Teff = 10500.0
Number of points: 7
Quadratic fit coefficients: 
[ 0.00042857  0.00335714 -0.02757143]
Covariance: 
[[  4.76190476e-08  -3.33333333e-07   5.35714286e-07]
 [ -3.33333333e-07   2.36904762e-06  -3.87500000e-06]
 [  5.35714286e-07  -3.87500000e-06   6.50000000e-06]]

Fixed parameter: Teff = 10250.0
Number of points: 7
Quadratic fit coefficients: 
[ 0.00038095  0.00390476 -0.02871429]
Covariance: 
[[  4.53514739e-08  -3.17460317e-07   5.10204082e-07]
 [ -3.17460317e-07   2.25623583e-06  -3.69047619e-06]
 [  5.10204082e-07  -3.69047619e-06   6.19047619e-06]]

Fixed parameter: Teff = 10000.0
Number of points: 7
Quadratic fit coefficients: 
[ 0.00047619  0.00295238 -0.02621429]
Covariance: 
[[  9.29705215e-08  -6.50793651e-07   1.04591837e-06]
 [ -6.50793651e-07   4.62528345e-06  -7.56547619e-06]
 [  1.04591837e-06  -7.56547619e-06   1.26904762e-05]]

Fixed parameter: Teff = 9750.0
Number of points: 7
Quadratic fit coefficients: 
[ 0.00047619  0.00338095 -0.02857143]
Covariance: 
[[  4.53514739e-08  -3.17460317e-07   5.10204082e-07]
 [ -3.17460317e-07   2.25623583e-06  -3.69047619e-06]
 [  5.10204082e-07  -3.69047619e-06   6.19047619e-06]]

Fixed parameter: Teff = 9500.0
Number of points: 7
Quadratic fit coefficients: 
[ 0.00071429  0.00235714 -0.029     ]
Covariance: 
[[  8.84353741e-08  -6.19047619e-07   9.94897959e-07]
 [ -6.19047619e-07   4.39965986e-06  -7.19642857e-06]
 [  9.94897959e-07  -7.19642857e-06   1.20714286e-05]]

Fixed parameter: Teff = 9250.0
Number of points: 7
Quadratic fit coefficients: 
[ 0.00071429  0.00292857 -0.03228571]
Covariance: 
[[  1.42857143e-07  -1.00000000e-06   1.60714286e-06]
 [ -1.00000000e-06   7.10714286e-06  -1.16250000e-05]
 [  1.60714286e-06  -1.16250000e-05   1.95000000e-05]]

Fixed parameter: Teff = 9000.0
Number of points: 8
Quadratic fit coefficients: 
[ 0.00159524 -0.00305952 -0.023125  ]
Covariance: 
[[  3.64739229e-07  -2.37080499e-06   3.37383787e-06]
 [ -2.37080499e-06   1.57749717e-05  -2.31153486e-05]
 [  3.37383787e-06  -2.31153486e-05   3.55392786e-05]]

Fixed parameter: Teff = 8750.0
Number of points: 8
Quadratic fit coefficients: 
[ 0.00166667 -0.00221429 -0.02934524]
Covariance: 
[[  2.72562358e-07  -1.77165533e-06   2.52120181e-06]
 [ -1.77165533e-06   1.17883220e-05  -1.72736395e-05]
 [  2.52120181e-06  -1.72736395e-05   2.65577948e-05]]

Fixed parameter: Teff = 8500.0
Number of points: 8
Quadratic fit coefficients: 
[ 0.00128571  0.00188095 -0.03988095]
Covariance: 
[[  3.81859410e-07  -2.48208617e-06   3.53219955e-06]
 [ -2.48208617e-06   1.65154195e-05  -2.42003401e-05]
 [  3.53219955e-06  -2.42003401e-05   3.72074263e-05]]

Fixed parameter: Teff = 8250.0
Number of points: 9
Quadratic fit coefficients: 
[ 0.00261472 -0.00602165 -0.03038095]
Covariance: 
[[  1.39348963e-06  -8.36093776e-06   1.02189239e-05]
 [ -8.36093776e-06   5.19539383e-05  -6.66784787e-05]
 [  1.02189239e-05  -6.66784787e-05   9.40141002e-05]]

Fixed parameter: Teff = 8000.0
Number of points: 9
Quadratic fit coefficients: 
[ 0.00098268  0.00673723 -0.05447143]
Covariance: 
[[  9.77920204e-07  -5.86752122e-06   7.17141483e-06]
 [ -5.86752122e-06   3.64601249e-05  -4.67934818e-05]
 [  7.17141483e-06  -4.67934818e-05   6.59770164e-05]]

Fixed parameter: Teff = 7750.0
Number of points: 9
Quadratic fit coefficients: 
[-0.00096537  0.02115887 -0.07862381]
Covariance: 
[[  6.60309964e-07  -3.96185979e-06   4.84227307e-06]
 [ -3.96185979e-06   2.46185565e-05  -3.15958318e-05]
 [  4.84227307e-06  -3.15958318e-05   4.45489123e-05]]

Fixed parameter: Teff = 7500.0
Number of points: 10
Quadratic fit coefficients: 
[ 0.00012121  0.01443636 -0.06926667]
Covariance: 
[[  1.36502689e-06  -7.50764791e-06   7.50764791e-06]
 [ -7.50764791e-06   4.34761065e-05  -4.72981818e-05]
 [  7.50764791e-06  -4.72981818e-05   6.23134776e-05]]

Fixed parameter: Teff = 7250.0
Number of points: 10
Quadratic fit coefficients: 
[-0.00184848  0.02725758 -0.08636667]
Covariance: 
[[  5.90030172e-07  -3.24516595e-06   3.24516595e-06]
 [ -3.24516595e-06   1.87924610e-05  -2.04445455e-05]
 [  3.24516595e-06  -2.04445455e-05   2.69348773e-05]]

Fixed parameter: Teff = 7000.0
Number of points: 10
Quadratic fit coefficients: 
[-0.00284848  0.03320606 -0.0922    ]
Covariance: 
[[  2.74747475e-07  -1.51111111e-06   1.51111111e-06]
 [ -1.51111111e-06   8.75070707e-06  -9.52000000e-06]
 [  1.51111111e-06  -9.52000000e-06   1.25422222e-05]]

Fixed parameter: Teff = 6750.0
Number of points: 10
Quadratic fit coefficients: 
[-0.00328788  0.03478636 -0.08941667]
Covariance: 
[[  1.53555031e-07  -8.44552670e-07   8.44552670e-07]
 [ -8.44552670e-07   4.89072773e-06  -5.32068182e-06]
 [  8.44552670e-07  -5.32068182e-06   7.00978716e-06]]

Fixed parameter: Teff = 6500.0
Number of points: 10
Quadratic fit coefficients: 
[-0.00333333  0.03440606 -0.08733333]
Covariance: 
[[  7.28322183e-08  -4.00577201e-07   4.00577201e-07]
 [ -4.00577201e-07   2.31970615e-06  -2.52363636e-06]
 [  4.00577201e-07  -2.52363636e-06   3.32479076e-06]]

Fixed parameter: Teff = 6250.0
Number of points: 10
Quadratic fit coefficients: 
[-0.00324242  0.03288788 -0.08163333]
Covariance: 
[[  7.36980192e-08  -4.05339105e-07   4.05339105e-07]
 [ -4.05339105e-07   2.34728191e-06  -2.55363636e-06]
 [  4.05339105e-07  -2.55363636e-06   3.36431457e-06]]

Fixed parameter: Teff = 6000.0
Number of points: 11
Quadratic fit coefficients: 
[-0.00275058  0.02935291 -0.07604196]
Covariance: 
[[  7.94192598e-08  -3.97096299e-07   2.97822224e-07]
 [ -3.97096299e-07   2.14034905e-06  -1.87628001e-06]
 [  2.97822224e-07  -1.87628001e-06   2.47192446e-06]]

Fixed parameter: Teff = 5750.0
Number of points: 11
Quadratic fit coefficients: 
[-0.00285315  0.02906573 -0.07133566]
Covariance: 
[[  9.88671003e-08  -4.94335501e-07   3.70751626e-07]
 [ -4.94335501e-07   2.66446835e-06  -2.33573524e-06]
 [  3.70751626e-07  -2.33573524e-06   3.07723850e-06]]

Fixed parameter: Teff = 5500.0
Number of points: 11
Quadratic fit coefficients: 
[-0.00318881  0.0297986  -0.0675035 ]
Covariance: 
[[  5.83696024e-08  -2.91848012e-07   2.18886009e-07]
 [ -2.91848012e-07   1.57306079e-06  -1.37898186e-06]
 [  2.18886009e-07  -1.37898186e-06   1.81675388e-06]]

Fixed parameter: Teff = 5250.0
Number of points: 11
Quadratic fit coefficients: 
[-0.00343124  0.02959254 -0.06086713]
Covariance: 
[[  6.60265919e-08  -3.30132960e-07   2.47599720e-07]
 [ -3.30132960e-07   1.77941665e-06  -1.55987823e-06]
 [  2.47599720e-07  -1.55987823e-06   2.05507767e-06]]

Fixed parameter: Teff = 5000.0
Number of points: 11
Quadratic fit coefficients: 
[-0.00387413  0.0290979  -0.04693706]
Covariance: 
[[  8.39486853e-08  -4.19743427e-07   3.14807570e-07]
 [ -4.19743427e-07   2.26241707e-06  -1.98328769e-06]
 [  3.14807570e-07  -1.98328769e-06   2.61290283e-06]]

Fixed parameter: Teff = 4750.0
Number of points: 11
Quadratic fit coefficients: 
[-0.00411189  0.02845035 -0.03805594]
Covariance: 
[[  7.43834254e-08  -3.71917127e-07   2.78937845e-07]
 [ -3.71917127e-07   2.00463332e-06  -1.75730843e-06]
 [  2.78937845e-07  -1.75730843e-06   2.31518412e-06]]

Fixed parameter: Teff = 4500.0
Number of points: 11
Quadratic fit coefficients: 
[-0.00420047  0.03000233 -0.04652448]
Covariance: 
[[  5.71720432e-08  -2.85860216e-07   2.14395162e-07]
 [ -2.85860216e-07   1.54078656e-06  -1.35068952e-06]
 [  2.14395162e-07  -1.35068952e-06   1.77947984e-06]]

Fixed parameter: Teff = 7500.0
Number of points: 10
Quadratic fit coefficients: 
[ 0.00104545 -0.00364091 -0.00705   ]
Covariance: 
[[  1.81227863e-08  -9.96753247e-08   9.96753247e-08]
 [ -9.96753247e-08   5.77210744e-07  -6.27954545e-07]
 [  9.96753247e-08  -6.27954545e-07   8.27305195e-07]]

Fixed parameter: Teff = 7250.0
Number of points: 10
Quadratic fit coefficients: 
[ 0.00092424 -0.00222273 -0.01158333]
Covariance: 
[[  1.14062705e-08  -6.27344877e-08   6.27344877e-08]
 [ -6.27344877e-08   3.63289715e-07  -3.95227273e-07]
 [  6.27344877e-08  -3.95227273e-07   5.20696248e-07]]

Fixed parameter: Teff = 7000.0
Number of points: 10
Quadratic fit coefficients: 
[ 0.00074242 -0.00087121 -0.01385   ]
Covariance: 
[[  1.69159124e-08  -9.30375180e-08   9.30375180e-08]
 [ -9.30375180e-08   5.38771809e-07  -5.86136364e-07]
 [  9.30375180e-08  -5.86136364e-07   7.72211400e-07]]

Fixed parameter: Teff = 6750.0
Number of points: 10
Quadratic fit coefficients: 
[ 0.00034848  0.00182879 -0.01748333]
Covariance: 
[[  6.73619310e-09  -3.70490620e-08   3.70490620e-08]
 [ -3.70490620e-08   2.14547750e-07  -2.33409091e-07]
 [  3.70490620e-08  -2.33409091e-07   3.07507215e-07]]

Fixed parameter: Teff = 6500.0
Number of points: 10
Quadratic fit coefficients: 
[ 0.00016667  0.00298636 -0.01841667]
Covariance: 
[[  1.42398006e-08  -7.83189033e-08   7.83189033e-08]
 [ -7.83189033e-08   4.53537649e-07  -4.93409091e-07]
 [  7.83189033e-08  -4.93409091e-07   6.50046898e-07]]

Fixed parameter: Teff = 6250.0
Number of points: 10
Quadratic fit coefficients: 
[-0.00021212  0.00505758 -0.01976667]
Covariance: 
[[  5.06362325e-09  -2.78499278e-08   2.78499278e-08]
 [ -2.78499278e-08   1.61276400e-07  -1.75454545e-07]
 [  2.78499278e-08  -1.75454545e-07   2.31154401e-07]]

Fixed parameter: Teff = 6000.0
Number of points: 11
Quadratic fit coefficients: 
[-0.0002331   0.00487459 -0.0176014 ]
Covariance: 
[[  8.12645008e-09  -4.06322504e-08   3.04741878e-08]
 [ -4.06322504e-08   2.19007830e-07  -1.91987383e-07]
 [  3.04741878e-08  -1.91987383e-07   2.52935759e-07]]

Fixed parameter: Teff = 5750.0
Number of points: 11
Quadratic fit coefficients: 
[-0.0005641   0.00651142 -0.01834266]
Covariance: 
[[  5.38140958e-09  -2.69070479e-08   2.01802859e-08]
 [ -2.69070479e-08   1.45028988e-07  -1.27135801e-07]
 [  2.01802859e-08  -1.27135801e-07   1.67496373e-07]]

Fixed parameter: Teff = 5500.0
Number of points: 11
Quadratic fit coefficients: 
[-0.00082517  0.00752587 -0.01641259]
Covariance: 
[[  2.84936509e-09  -1.42468254e-08   1.06851191e-08]
 [ -1.42468254e-08   7.67903891e-08  -6.73162502e-08]
 [  1.06851191e-08  -6.73162502e-08   8.86864883e-08]]

Fixed parameter: Teff = 5250.0
Number of points: 11
Quadratic fit coefficients: 
[-0.00087179  0.00735897 -0.01522378]
Covariance: 
[[  1.09758152e-09  -5.48790759e-09   4.11593069e-09]
 [ -5.48790759e-09   2.95798219e-08  -2.59303633e-08]
 [  4.11593069e-09  -2.59303633e-08   3.41622247e-08]]

Fixed parameter: Teff = 5000.0
Number of points: 11
Quadratic fit coefficients: 
[-0.00090443  0.00721305 -0.01320979]
Covariance: 
[[  4.46856950e-09  -2.23428475e-08   1.67571356e-08]
 [ -2.23428475e-08   1.20427948e-07  -1.05569955e-07]
 [  1.67571356e-08  -1.05569955e-07   1.39084226e-07]]

Fixed parameter: Teff = 4750.0
Number of points: 11
Quadratic fit coefficients: 
[-0.00084382  0.00696457 -0.01339161]
Covariance: 
[[  2.51900392e-09  -1.25950196e-08   9.44626469e-09]
 [ -1.25950196e-08   6.78871556e-08  -5.95114676e-08]
 [  9.44626469e-09  -5.95114676e-08   7.84039969e-08]]

Fixed parameter: Teff = 4500.0
Number of points: 11
Quadratic fit coefficients: 
[-0.00103496  0.00841119 -0.01606294]
Covariance: 
[[  3.33838656e-09  -1.66919328e-08   1.25189496e-08]
 [ -1.66919328e-08   8.99695177e-08  -7.88693824e-08]
 [  1.25189496e-08  -7.88693824e-08   1.03907282e-07]]

Fixed parameter: Teff = 8000.0
Number of points: 9
Quadratic fit coefficients: 
[-0.00079654  0.00244589  0.00671429]
Covariance: 
[[  5.49090159e-08  -3.29454096e-07   4.02666117e-07]
 [ -3.29454096e-07   2.04719114e-06  -2.62739641e-06]
 [  4.02666117e-07  -2.62739641e-06   3.70452828e-06]]

Fixed parameter: Teff = 7750.0
Number of points: 9
Quadratic fit coefficients: 
[-0.00039827 -0.00041039  0.01125714]
Covariance: 
[[  2.51269654e-08  -1.50761792e-07   1.84264413e-07]
 [ -1.50761792e-07   9.36817026e-07  -1.20232529e-06]
 [  1.84264413e-07  -1.20232529e-06   1.69523260e-06]]

Fixed parameter: Teff = 7500.0
Number of points: 10
Quadratic fit coefficients: 
[-0.00063636  0.00125758  0.00856667]
Covariance: 
[[  5.11871966e-08  -2.81529582e-07   2.81529582e-07]
 [ -2.81529582e-07   1.63031221e-06  -1.77363636e-06]
 [  2.81529582e-07  -1.77363636e-06   2.33669553e-06]]

Fixed parameter: Teff = 7250.0
Number of points: 10
Quadratic fit coefficients: 
[-0.00012121 -0.00170909  0.01106667]
Covariance: 
[[  2.03594385e-08  -1.11976912e-07   1.11976912e-07]
 [ -1.11976912e-07   6.48448118e-07  -7.05454545e-07]
 [  1.11976912e-07  -7.05454545e-07   9.29408369e-07]]

Fixed parameter: Teff = 5000.0
Number of points: 11
Quadratic fit coefficients: 
[-0.00020979  0.0031035  -0.01037762]
Covariance: 
[[  5.32707386e-09  -2.66353693e-08   1.99765270e-08]
 [ -2.66353693e-08   1.43564640e-07  -1.25852120e-07]
 [  1.99765270e-08  -1.25852120e-07   1.65805174e-07]]

Fixed parameter: Teff = 4750.0
Number of points: 11
Quadratic fit coefficients: 
[-0.00026573  0.00436503 -0.01504196]
Covariance: 
[[  3.27318369e-09  -1.63659185e-08   1.22744388e-08]
 [ -1.63659185e-08   8.82123005e-08  -7.73289647e-08]
 [  1.22744388e-08  -7.73289647e-08   1.01877842e-07]]

Fixed parameter: Teff = 4500.0
Number of points: 11
Quadratic fit coefficients: 
[-0.00035897  0.00548578 -0.0183007 ]
Covariance: 
[[  1.50183926e-09  -7.50919632e-09   5.63189724e-09]
 [ -7.50919632e-09   4.04745682e-08  -3.54809526e-08]
 [  5.63189724e-09  -3.54809526e-08   4.67447471e-08]]

Fixed parameter: Teff = 9250.0
Number of points: 7
Quadratic fit coefficients: 
[-0.00214286  0.01107143 -0.00207143]
Covariance: 
[[  6.12244898e-08  -4.28571429e-07   6.88775510e-07]
 [ -4.28571429e-07   3.04591837e-06  -4.98214286e-06]
 [  6.88775510e-07  -4.98214286e-06   8.35714286e-06]]

Fixed parameter: Teff = 9000.0
Number of points: 8
Quadratic fit coefficients: 
[-0.0027619   0.01471429 -0.00527381]
Covariance: 
[[  1.77324263e-07  -1.15260771e-06   1.64024943e-06]
 [ -1.15260771e-06   7.66927438e-06  -1.12379252e-05]
 [  1.64024943e-06  -1.12379252e-05   1.72780329e-05]]

Fixed parameter: Teff = 8750.0
Number of points: 8
Quadratic fit coefficients: 
[-0.00230952  0.01084524  0.00305357]
Covariance: 
[[  8.71882086e-08  -5.66723356e-07   8.06490930e-07]
 [ -5.66723356e-07   3.77089002e-06  -5.52555272e-06]
 [  8.06490930e-07  -5.52555272e-06   8.49540108e-06]]

Fixed parameter: Teff = 8500.0
Number of points: 8
Quadratic fit coefficients: 
[-0.00230952  0.00946429  0.01004167]
Covariance: 
[[  8.99092971e-08  -5.84410431e-07   8.31660998e-07]
 [ -5.84410431e-07   3.88857710e-06  -5.69800170e-06]
 [  8.31660998e-07  -5.69800170e-06   8.76053713e-06]]

Fixed parameter: Teff = 8250.0
Number of points: 9
Quadratic fit coefficients: 
[-0.00268398  0.01143723  0.00809524]
Covariance: 
[[  2.26982253e-07  -1.36189352e-06   1.66453652e-06]
 [ -1.36189352e-06   8.46265500e-06  -1.08611008e-05]
 [  1.66453652e-06  -1.08611008e-05   1.53137360e-05]]

Fixed parameter: Teff = 8000.0
Number of points: 9
Quadratic fit coefficients: 
[-0.00178788  0.00462727  0.0203    ]
Covariance: 
[[  1.48970222e-07  -8.93821330e-07   1.09244829e-06]
 [ -8.93821330e-07   5.55410643e-06  -7.12822511e-06]
 [  1.09244829e-06  -7.12822511e-06   1.00505243e-05]]

Fixed parameter: Teff = 7750.0
Number of points: 9
Quadratic fit coefficients: 
[-0.00082684 -0.00193896  0.02908095]
Covariance: 
[[  7.71574746e-08  -4.62944847e-07   5.65821480e-07]
 [ -4.62944847e-07   2.87668784e-06  -3.69198516e-06]
 [  5.65821480e-07  -3.69198516e-06   5.20555762e-06]]

Fixed parameter: Teff = 7500.0
Number of points: 10
Quadratic fit coefficients: 
[-0.00113636  0.00027424  0.02528333]
Covariance: 
[[  1.20234816e-07  -6.61291486e-07   6.61291486e-07]
 [ -6.61291486e-07   3.82947888e-06  -4.16613636e-06]
 [  6.61291486e-07  -4.16613636e-06   5.48871934e-06]]

Fixed parameter: Teff = 7250.0
Number of points: 10
Quadratic fit coefficients: 
[-0.00024242 -0.00509091  0.03033333]
Covariance: 
[[  5.56211465e-08  -3.05916306e-07   3.05916306e-07]
 [ -3.05916306e-07   1.77153352e-06  -1.92727273e-06]
 [  3.05916306e-07  -1.92727273e-06   2.53910534e-06]]

Fixed parameter: Teff = 7000.0
Number of points: 10
Quadratic fit coefficients: 
[ 0.00016667 -0.00696515  0.03025   ]
Covariance: 
[[  1.14062705e-08  -6.27344877e-08   6.27344877e-08]
 [ -6.27344877e-08   3.63289715e-07  -3.95227273e-07]
 [  6.27344877e-08  -3.95227273e-07   5.20696248e-07]]

Fixed parameter: Teff = 6750.0
Number of points: 10
Quadratic fit coefficients: 
[ 0.00027273 -0.00637273  0.0251    ]
Covariance: 
[[  6.21802440e-09  -3.41991342e-08   3.41991342e-08]
 [ -3.41991342e-08   1.98044077e-07  -2.15454545e-07]
 [  3.41991342e-08  -2.15454545e-07   2.83852814e-07]]

Fixed parameter: Teff = 6500.0
Number of points: 10
Quadratic fit coefficients: 
[ 0.00018182 -0.00473333  0.01986667]
Covariance: 
[[  7.97586252e-09  -4.38672439e-08   4.38672439e-08]
 [ -4.38672439e-08   2.54031221e-07  -2.76363636e-07]
 [  4.38672439e-08  -2.76363636e-07   3.64098124e-07]]

Fixed parameter: Teff = 6250.0
Number of points: 10
Quadratic fit coefficients: 
[ 0.00013636 -0.00339242  0.01321667]
Covariance: 
[[  1.28755083e-08  -7.08152958e-08   7.08152958e-08]
 [ -7.08152958e-08   4.10084940e-07  -4.46136364e-07]
 [  7.08152958e-08  -4.46136364e-07   5.87766955e-07]]

Fixed parameter: Teff = 6000.0
Number of points: 11
Quadratic fit coefficients: 
[  3.26339955e-05  -1.92680631e-03   9.34965012e-03]
Covariance: 
[[  4.76198238e-09  -2.38099119e-08   1.78574339e-08]
 [ -2.38099119e-08   1.28335425e-07  -1.12501834e-07]
 [  1.78574339e-08  -1.12501834e-07   1.48216702e-07]]

Fixed parameter: Teff = 9000.0
Number of points: 8
Quadratic fit coefficients: 
[-0.00133333  0.00609524  0.00252381]
Covariance: 
[[  3.62811791e-08  -2.35827664e-07   3.35600907e-07]
 [ -2.35827664e-07   1.56916100e-06  -2.29931973e-06]
 [  3.35600907e-07  -2.29931973e-06   3.53514739e-06]]

Fixed parameter: Teff = 8750.0
Number of points: 8
Quadratic fit coefficients: 
[-0.00104762  0.00371429  0.00736905]
Covariance: 
[[  3.58276644e-08  -2.32879819e-07   3.31405896e-07]
 [ -2.32879819e-07   1.54954649e-06  -2.27057823e-06]
 [  3.31405896e-07  -2.27057823e-06   3.49095805e-06]]

Fixed parameter: Teff = 8500.0
Number of points: 8
Quadratic fit coefficients: 
[-0.00090476  0.00259523  0.00880953]
Covariance: 
[[  7.70975057e-08  -5.01133787e-07   7.13151927e-07]
 [ -5.01133787e-07   3.33446712e-06  -4.88605442e-06]
 [  7.13151927e-07  -4.88605442e-06   7.51218821e-06]]

Fixed parameter: Teff = 8250.0
Number of points: 9
Quadratic fit coefficients: 
[-0.00117316  0.00453896  0.00511905]
Covariance: 
[[  9.79366953e-08  -5.87620172e-07   7.18202432e-07]
 [ -5.87620172e-07   3.65140646e-06  -4.68627087e-06]
 [  7.18202432e-07  -4.68627087e-06   6.60746238e-06]]

Fixed parameter: Teff = 8000.0
Number of points: 9
Quadratic fit coefficients: 
[-0.00039394 -0.00060303  0.01156667]
Covariance: 
[[  7.98110980e-08  -4.78866588e-07   5.85281385e-07]
 [ -4.78866588e-07   2.97562377e-06  -3.81896104e-06]
 [  5.85281385e-07  -3.81896104e-06   5.38458874e-06]]

Fixed parameter: Teff = 7750.0
Number of points: 9
Quadratic fit coefficients: 
[ 0.00022944 -0.00440996  0.0153381 ]
Covariance: 
[[  6.22701973e-08  -3.73621184e-07   4.56648114e-07]
 [ -3.73621184e-07   2.32164052e-06  -2.97962894e-06]
 [  4.56648114e-07  -2.97962894e-06   4.20116265e-06]]

Fixed parameter: Teff = 7500.0
Number of points: 10
Quadratic fit coefficients: 
[-0.00022727 -0.00093182  0.00875   ]
Covariance: 
[[  1.30362062e-07  -7.16991342e-07   7.16991342e-07]
 [ -7.16991342e-07   4.15203168e-06  -4.51704545e-06]
 [  7.16991342e-07  -4.51704545e-06   5.95102814e-06]]

Fixed parameter: Teff = 5250.0
Number of points: 11
Quadratic fit coefficients: 
[-0.00068531  0.00573566 -0.01125175]
Covariance: 
[[  2.55595221e-09  -1.27797610e-08   9.58482077e-09]
 [ -1.27797610e-08   6.88829120e-08  -6.03843709e-08]
 [  9.58482077e-09  -6.03843709e-08   7.95540124e-08]]

Fixed parameter: Teff = 5000.0
Number of points: 11
Quadratic fit coefficients: 
[-0.0007972   0.0068042  -0.01376224]
Covariance: 
[[  3.94477318e-09  -1.97238659e-08   1.47928994e-08]
 [ -1.97238659e-08   1.06311637e-07  -9.31952663e-08]
 [  1.47928994e-08  -9.31952663e-08   1.22781065e-07]]

Fixed parameter: Teff = 4750.0
Number of points: 11
Quadratic fit coefficients: 
[-0.00087646  0.00754592 -0.01537762]
Covariance: 
[[  2.81241680e-09  -1.40620840e-08   1.05465630e-08]
 [ -1.40620840e-08   7.57946327e-08  -6.64433469e-08]
 [  1.05465630e-08  -6.64433469e-08   8.75364729e-08]]

Fixed parameter: Teff = 4500.0
Number of points: 11
Quadratic fit coefficients: 
[-0.0011049   0.00852448 -0.01437063]
Covariance: 
[[  7.49832918e-09  -3.74916459e-08   2.81187344e-08]
 [ -3.74916459e-08   2.02079971e-07  -1.77148027e-07]
 [  2.81187344e-08  -1.77148027e-07   2.33385496e-07]]

