f218w filter: 
	 Damped-oscillator fit coefficients: 
1.727030337075737346e-02
2.467621374564021031e-01
-1.399705726519855808e+00
-2.116793338387363832e+00
5.316408796567215949e-04
-9.999999961331130019e-03
-9.999995298657235465e-03
	 Covariance matrix: 
4.605701652538149961e-06 6.500408584052242388e-05 -1.590897270823184867e-04 4.234539936462189749e-04 8.418436354780826309e-08 -3.991705188810479256e-06 2.649435751075241280e-06
6.500408584052242388e-05 9.964270427149821922e-04 -2.318594923932048267e-03 6.285703140399304285e-03 1.183601912229921096e-06 -5.819286711670636062e-05 3.939638006899300168e-05
-1.590897270823184596e-04 -2.318594923932048267e-03 6.030385876926197541e-03 -1.512231826832615561e-02 -2.122895763693588714e-06 1.439901848985902083e-04 -9.553142288073119593e-05
4.234539936462189749e-04 6.285703140399304285e-03 -1.512231826832615561e-02 4.133735008784612808e-02 9.355672521271381532e-06 -3.952438678803554015e-04 2.488989950196314146e-04
8.418436354780826309e-08 1.183601912229921096e-06 -2.122895763693589137e-06 9.355672521271383226e-06 6.441152188296550019e-09 -1.004340029144470077e-07 3.714931603343361347e-08
-3.991705188810478409e-06 -5.819286711670635385e-05 1.439901848985902083e-04 -3.952438678803554015e-04 -1.004340029144470077e-07 4.979722508448581724e-06 -3.973528829864888845e-06
2.649435751075240856e-06 3.939638006899300168e-05 -9.553142288073120949e-05 2.488989950196314146e-04 3.714931603343361347e-08 -3.973528829864888845e-06 5.748737900574497090e-06

f225w filter: 
	 Damped-oscillator fit coefficients: 
3.267443054751028149e-05
6.356186397988863000e-04
1.000252411710647271e+00
4.999992171265065899e+00
9.999977238190077208e-03
-8.049876259570803300e-03
-9.999999999999998473e-03
	 Covariance matrix: 
2.690406799977452950e-08 5.247685763037719315e-07 2.107551843959975537e-07 -4.153439505525560609e-06 -3.661784324864196507e-06 3.673878172647395017e-06 -4.540918032601620941e-08
5.247685763037719315e-07 1.023609467663530085e-05 4.111197419365613065e-06 -8.090348953721348125e-05 -7.142778704467340383e-05 7.166351524706371888e-05 -8.846799236612022732e-07
2.107551843959975802e-07 4.111197419365613065e-06 1.651400879910802130e-06 -3.240287581276561207e-05 -2.868935436163464627e-05 2.878395016656254158e-05 -3.548732369644826282e-07
-4.153439505525559762e-06 -8.090348953721348125e-05 -3.240287581276561207e-05 2.230497137274564320e-02 3.126454977661981727e-04 -3.562655147626907844e-04 9.248101365584769054e-05
-3.661784324864196507e-06 -7.142778704467340383e-05 -2.868935436163464627e-05 3.126454977661981727e-04 5.013685464790735560e-04 -5.025254798652319457e-04 5.155978277477605595e-06
3.673878172647395017e-06 7.166351524706371888e-05 2.878395016656253819e-05 -3.562655147626907302e-04 -5.025254798652319457e-04 5.037693914486504523e-04 -5.364296759497324629e-06
-4.540918032601620280e-08 -8.846799236612022732e-07 -3.548732369644826282e-07 9.248101365584769054e-05 5.155978277477604748e-06 -5.364296759497323782e-06 2.652932780141927516e-06

f275w filter: 
	 Damped-oscillator fit coefficients: 
-2.573585003602430268e-02
-8.479430105557431707e-01
1.520568355757556389e-01
1.401535669026256370e+00
7.526616845258231325e-03
7.304321661803878530e-04
-9.999999965978513192e-03
	 Covariance matrix: 
4.483916076665529511e-04 1.089026491024135991e-02 -2.110488033114734253e-03 2.496408508276914961e-02 -5.809813938817691599e-05 -9.516819284449945759e-06 6.005583219586529265e-05
1.089026491024135991e-02 3.202855085450776462e-01 -5.699683838436410410e-02 7.070504739999512456e-01 -1.470242259383963386e-03 -2.169313406370210185e-04 1.545930014879114264e-03
-2.110488033114734253e-03 -5.699683838436410410e-02 1.490390319306650509e-02 -1.309998708857889327e-01 2.979271939953075793e-04 4.124312528640110433e-05 -3.120339556639509411e-04
2.496408508276914961e-02 7.070504739999512456e-01 -1.309998708857889327e-01 1.629100202426192912e+00 -3.654645070581618010e-03 -6.300137307461733298e-04 3.943235123184649776e-03
-5.809813938817692277e-05 -1.470242259383963386e-03 2.979271939953075793e-04 -3.654645070581618443e-03 1.195153609540725260e-05 1.883710399013047897e-06 -1.336665235867469948e-05
-9.516819284449945759e-06 -2.169313406370210456e-04 4.124312528640111111e-05 -6.300137307461733298e-04 1.883710399013047897e-06 5.063571391503233479e-07 -2.240053564888796392e-06
6.005583219586529265e-05 1.545930014879114264e-03 -3.120339556639508869e-04 3.943235123184649776e-03 -1.336665235867469778e-05 -2.240053564888795968e-06 1.680345180134668222e-05

f300x filter: 
	 Damped-oscillator fit coefficients: 
-2.532797151252289339e-02
-1.003748543734681364e+00
-9.936679655262292687e-01
-6.388385959611865283e-01
-9.999721197954601973e-03
4.221252524635986554e-03
9.999983420576371088e-03
	 Covariance matrix: 
4.359910001742636868e-05 4.951998115133683041e-05 8.682495166832439337e-05 -5.252971161710439036e-04 7.371185476988298646e-06 -3.016002075761017192e-06 -4.026404507291744028e-06
4.951998115133683041e-05 3.209643533905006015e-03 6.214910051593710780e-03 -2.812564637021366235e-05 -1.326345342349904651e-04 9.650749093925153487e-05 2.010645402539529682e-05
8.682495166832437982e-05 6.214910051593710780e-03 1.253175820303795672e-02 -7.202723314146514642e-04 -2.344811334643062911e-04 1.100769158027148934e-04 8.981492766445255615e-05
-5.252971161710439036e-04 -2.812564637021352682e-05 -7.202723314146516811e-04 1.823886790126376042e-02 -5.287195728231509776e-04 3.866684007251874671e-04 1.420400305670229410e-04
7.371185476988297799e-06 -1.326345342349904922e-04 -2.344811334643062911e-04 -5.287195728231509776e-04 2.264344176619921030e-05 -1.659387843272362042e-05 -5.817490557379374348e-06
-3.016002075761018039e-06 9.650749093925153487e-05 1.100769158027149069e-04 3.866684007251874671e-04 -1.659387843272362042e-05 2.120824693972048008e-05 -4.603340941905487331e-06
-4.026404507291744875e-06 2.010645402539530359e-05 8.981492766445255615e-05 1.420400305670229681e-04 -5.817490557379374348e-06 -4.603340941905488178e-06 1.198844890335421934e-05

