f218w filter: 
	 Damped-oscillator fit coefficients: 
4.767274355044528664e-03
1.264462223130792193e-02
-4.572961939472201531e-01
9.715789530830150301e-04
1.000000000000042095e-06
-1.999999999999955980e-02
	 Covariance matrix: 
3.817010242639846638e+03 1.012415272256685239e+04 -3.661413420442456845e+05 -7.778542077580279965e+02 -1.342276534739283989e-04 1.514122162544126793e+00
1.012415272256685239e+04 2.685307659332763069e+04 -9.711451189857649151e+05 -2.063163129678037421e+03 -3.560224243679539725e-04 4.016024562495837280e+00
-3.661413420442456845e+05 -9.711451189857646823e+05 3.512159357279953361e+07 7.461457149527754518e+04 1.287560823403374917e-02 -1.452403906699847198e+02
-7.778542077580279965e+02 -2.063163129678037421e+03 7.461457149527754518e+04 1.585159929618027377e+02 2.735374546068930916e-05 -3.085568657285777117e-01
-1.342276534739283989e-04 -3.560224243679538641e-04 1.287560823403374917e-02 2.735374546068930577e-05 4.846573905383824011e-12 -5.948872154797249158e-08
1.514122162544126793e+00 4.016024562495836392e+00 -1.452403906699847198e+02 -3.085568657285777117e-01 -5.948872154797249820e-08 1.188254000657085630e-03

f225w filter: 
	 Damped-oscillator fit coefficients: 
5.226664302560870244e-03
1.402675394600824341e-02
-4.126754691737714587e-01
1.912845942373436487e-03
1.000000000000000186e-08
-1.999999999988916546e-02
	 Covariance matrix: 
3.311654362546032622e-07 1.368506786856932967e-07 8.929863668517617509e-09 -1.826015326610479900e-08 9.607828921081675783e-13 -5.961313532899519936e-07
1.368506786856932967e-07 1.256630807568401684e-06 4.472311593562269031e-08 -6.014056153400043837e-08 2.565381391983506847e-12 -1.508502093743120544e-06
8.929863668517617509e-09 4.472311593562268370e-08 1.643896052125147826e-09 -2.314571957213836748e-09 1.011740706991942404e-13 -6.050069036771561797e-08
-1.826015326610479900e-08 -6.014056153400043837e-08 -2.314571957213836748e-09 8.528931537978668853e-09 -3.943578433830607467e-13 3.745641622820729268e-07
9.607828921081675783e-13 2.565381391983506443e-12 1.011740706991942404e-13 -3.943578433830607467e-13 1.837838436291886073e-17 -1.814371865530533065e-11
-5.961313532899519936e-07 -1.508502093743120756e-06 -6.050069036771561797e-08 3.745641622820729268e-07 -1.814371865530533065e-11 5.557995609367532463e-05

f275w filter: 
	 Damped-oscillator fit coefficients: 
2.575986600650944855e-02
7.473033982324533975e-02
1.923775687353714015e-01
2.152332040267404285e-03
1.770247125783471089e-05
-1.999999987925887845e-02
	 Covariance matrix: 
1.525294789462726563e+07 4.424935949849904329e+07 1.139107338906966001e+08 -1.274450717442803783e+06 -5.588731264429894208e-02 2.845374792165958411e+01
4.424935949849904329e+07 1.283690096907836497e+08 3.304592036671913862e+08 -3.697228125978572760e+06 -1.621311068967714042e-01 8.254550346609234168e+01
1.139107338906966001e+08 3.304592036671913862e+08 8.506981985121185780e+08 -9.517741589171234518e+06 -4.173722296307705304e-01 2.124958953557256791e+02
-1.274450717442803783e+06 -3.697228125978572760e+06 -9.517741589171234518e+06 1.064859489752691879e+05 4.669629953455597254e-03 -2.377428781965417404e+00
-5.588731264429894208e-02 -1.621311068967714042e-01 -4.173722296307705304e-01 4.669629953455597254e-03 3.558262607709470522e-10 -1.315258479499688480e-07
2.845374792165958056e+01 8.254550346609234168e+01 2.124958953557256507e+02 -2.377428781965417404e+00 -1.315258479499688480e-07 1.281888146371668600e-04

f300x filter: 
	 Damped-oscillator fit coefficients: 
4.582467775644239599e-02
1.064099054967181657e-01
-2.026838768247230527e-01
5.854282425465823529e-04
1.429447370285444089e-06
-1.999999999999999695e-02
	 Covariance matrix: 
3.819411021930870629e+04 8.869052395927585894e+04 -1.689364585715746216e+05 -4.879199362506281545e+02 -8.042394473643296314e-05 3.501630056441218941e-01
8.869052395927585894e+04 2.059482207368730742e+05 -3.922872647389432532e+05 -1.132998636549103367e+03 -1.867525427572875902e-04 8.131149379145781175e-01
-1.689364585715746216e+05 -3.922872647389432532e+05 7.472232472624026705e+05 2.158119815500313507e+03 3.557301861036908457e-04 -1.548829892067525194e+00
-4.879199362506281545e+02 -1.132998636549103367e+03 2.158119815500313507e+03 6.233051715877683030e+00 1.027391797620270895e-06 -4.473211686992678397e-03
-8.042394473643299025e-05 -1.867525427572875902e-04 3.557301861036908457e-04 1.027391797620270895e-06 2.543457591010354459e-13 -1.171410748180588141e-09
3.501630056441218941e-01 8.131149379145780065e-01 -1.548829892067525194e+00 -4.473211686992678397e-03 -1.171410748180588141e-09 6.859248588170228186e-06

