f218w filter: 
	 Damped-oscillator fit coefficients: 
-4.506821850568363402e-02
-2.413815282727886646e-02
1.896358312597202223e-01
9.008530308584020152e-03
2.055083642474305014e-05
1.999999999999999695e-02
	 Covariance matrix: 
6.683027289145095348e+08 3.579384750436617136e+08 -2.812064459795553684e+09 1.335848855972189605e+08 -7.566047642881143176e+00 1.217607144470848368e+02
3.579384750436617136e+08 1.917094549736181200e+08 -1.506122930396578550e+09 7.154717191912311316e+07 -4.052326421237643750e+00 6.521421514096707028e+01
-2.812064459795553684e+09 -1.506122930396578550e+09 1.183252167605817604e+10 -5.620945312675896883e+08 3.183620015176576956e+01 -5.123409024196125756e+02
1.335848855972189605e+08 7.154717191912311316e+07 -5.620945312675896883e+08 2.670185364804974198e+07 -1.512353610306237162e+00 2.433831165663471197e+01
-7.566047642881143176e+00 -4.052326421237643750e+00 3.183620015176576956e+01 -1.512353610306237162e+00 9.752322331649378872e-08 -8.779854789141298650e-07
1.217607144470848368e+02 6.521421514096707028e+01 -5.123409024196125756e+02 2.433831165663471197e+01 -8.779854789141298650e-07 5.446129129321318919e-04

f225w filter: 
	 Damped-oscillator fit coefficients: 
-6.511343858023207337e-03
-7.511047419638666733e-02
1.386197720966116931e-01
8.164418444758009610e-03
3.853265655358313006e-03
1.999999999999999695e-02
	 Covariance matrix: 
1.080263838167875540e+06 1.246121688768849708e+07 -2.299776370760942623e+07 1.354529400772926630e+06 6.204641148352171953e+00 4.103225557926982958e+00
1.246121688768849894e+07 1.437444454198914170e+08 -2.652871561273480356e+08 1.562496498310639709e+07 7.157265823399838212e+01 4.733219208044556581e+01
-2.299776370760942996e+07 -2.652871561273480356e+08 4.895999633306409717e+08 -2.883661008869681507e+07 -1.320906865809267288e+02 -8.735364307033663067e+01
1.354529400772926630e+06 1.562496498310639709e+07 -2.883661008869681507e+07 1.698427581064762315e+06 7.779921578825327977e+00 5.144974232302335970e+00
6.204641148352172841e+00 7.157265823399838212e+01 -1.320906865809267288e+02 7.779921578825327977e+00 4.530040167115592078e-05 2.147934396395443147e-05
4.103225557926982958e+00 4.733219208044556581e+01 -8.735364307033663067e+01 5.144974232302335970e+00 2.147934396395443147e-05 1.389454221962977711e-04

f275w filter: 
	 Damped-oscillator fit coefficients: 
2.646285963654922309e-03
3.130126186724005999e-01
6.702236958596822225e-01
9.641542128814970317e-03
-4.381388649675727986e-04
-1.999999999999999695e-02
	 Covariance matrix: 
1.364266198747512317e+04 1.427629313238623552e+06 3.083128621813606936e+06 -4.970624460817877116e+04 -1.185967870706223642e-01 -1.361001114155412361e-01
1.427629313238623552e+06 1.652122412138431966e+08 3.542699233347777724e+08 -5.201484395962068811e+06 -1.389850964834173475e+01 -1.143320435919439326e+01
3.083128621813606936e+06 3.542699233347777724e+08 7.600367844321793318e+08 -1.123319985259808600e+07 -2.977792213642511854e+01 -2.513965161690348893e+01
-4.970624460817876388e+04 -5.201484395962068811e+06 -1.123319985259808600e+07 1.811018081691164698e+05 4.320997033172181978e-01 4.958777112600295522e-01
-1.185967870706223504e-01 -1.389850964834173475e+01 -2.977792213642511854e+01 4.320997033172181978e-01 1.302820071902437910e-06 8.706606038422622518e-07
-1.361001114155412084e-01 -1.143320435919439504e+01 -2.513965161690348893e+01 4.958777112600296078e-01 8.706606038422623577e-07 2.674784808057799991e-05

f300x filter: 
	 Damped-oscillator fit coefficients: 
-1.783845070248025674e-02
-8.292054944903629043e-02
1.974767026228813338e-01
2.316192072020857064e-03
1.273111943838487132e-04
1.999999999999999695e-02
	 Covariance matrix: 
4.988551173493795795e+04 2.318887085329782276e+05 -5.522465358043204760e+05 6.477350998661634549e+03 5.202467012527264498e-03 2.117074126671306955e-01
2.318887085329782858e+05 1.077915636820448795e+06 -2.567072713736826554e+06 3.010943469587759682e+04 2.418318947554586387e-02 9.841076563676915967e-01
-5.522465358043203596e+05 -2.567072713736826088e+06 6.113523259877239354e+06 -7.170608310821892519e+04 -5.759256005982677645e-02 -2.343654197794287963e+00
6.477350998661634549e+03 3.010943469587759319e+04 -7.170608310821893974e+04 8.410473202141938600e+02 6.755093419878398751e-04 2.748885763184720846e-02
5.202467012527264498e-03 2.418318947554586387e-02 -5.759256005982677645e-02 6.755093419878399836e-04 8.023872913408920141e-10 2.833862048639676963e-08
2.117074126671306955e-01 9.841076563676915967e-01 -2.343654197794287963e+00 2.748885763184720846e-02 2.833862048639676963e-08 3.549566736611338306e-06

