f218w filter: 
	 Damped-oscillator fit coefficients: 
-4.000945172180117929e-03
-4.014560630398669727e-01
2.150921107346338290e-01
6.811681092072042684e-04
2.240442242661620223e-04
-1.991208019882440353e-02
	 Covariance matrix: 
1.434066705588035036e-06 3.091789260586381039e-09 -8.240311217432556051e-06 4.391713071547798765e-08 -4.395836052738462785e-08 1.645630551272687685e-07
3.091789260586381039e-09 1.858447886766358343e-11 -1.968691638810389145e-08 6.692970228244286649e-11 3.187874499495434366e-12 -1.809312905856380549e-10
-8.240311217432556051e-06 -1.968691638810389145e-08 5.020434676296721313e-05 -2.441213385002854267e-07 1.969518515628987009e-07 -5.153667898188640070e-07
4.391713071547798765e-08 6.692970228244287942e-11 -2.441213385002854267e-07 2.405057657364606171e-09 -4.230581781862333615e-09 3.865791668096033986e-08
-4.395836052738462785e-08 3.187874499495443655e-12 1.969518515628987009e-07 -4.230581781862333615e-09 9.628350731625782852e-09 -1.029413203394824188e-07
1.645630551272687685e-07 -1.809312905856380291e-10 -5.153667898188640070e-07 3.865791668096033986e-08 -1.029413203394824188e-07 1.059887018681072522e-05

f225w filter: 
	 Damped-oscillator fit coefficients: 
-4.476798648629101533e-03
-1.273916642636793162e-01
4.028899348109501143e-03
4.350299372623228460e-03
6.934164736259810008e-06
-1.996856576629001470e-02
	 Covariance matrix: 
2.026518927776846249e+04 5.766633554906399222e+05 -1.823754572605899739e+04 1.969178824950998387e+04 5.844827226567080557e-03 -9.781268547983205941e-02
5.766633554906399222e+05 1.640945075875623152e+07 -5.189650177927276818e+05 5.603467370595028624e+05 1.663196121081449430e-01 -2.783345898015125996e+00
-1.823754572605899739e+04 -5.189650177927276818e+05 1.641277906812346191e+04 -1.772151662179077903e+04 -5.260017281812952826e-03 8.802631944234029504e-02
1.969178824950998387e+04 5.603467370595028624e+05 -1.772151662179077903e+04 1.913461153274300159e+04 5.679448565873075963e-03 -9.504502561104076486e-02
5.844827226567080557e-03 1.663196121081449430e-01 -5.260017281812952826e-03 5.679448565873075963e-03 1.707243632753619356e-09 -3.072371372254856043e-08
-9.781268547983205941e-02 -2.783345898015125552e+00 8.802631944234028116e-02 -9.504502561104076486e-02 -3.072371372254856043e-08 5.914070480323971797e-06

f275w filter: 
	 Damped-oscillator fit coefficients: 
2.628673485877301361e-02
-4.999999579325100085e-01
8.685657904530047491e-01
9.999999999999999124e-06
2.044809676285758854e-02
-1.999897683516168104e-02
	 Covariance matrix: 
2.825542464191058839e-02 -2.321588519444041029e-02 1.675246049689265923e-02 -1.204231608326707107e-06 9.467233545519316597e-04 -9.727085379529838878e-04
-2.321588519444040682e-02 4.851312575665175375e-01 -6.521689229623078843e-01 1.006761337719966568e-05 7.537390335560855510e-04 -7.594342012766782876e-04
1.675246049689265923e-02 -6.521689229623078843e-01 1.414772395405884620e+00 -1.620016193242385433e-05 -3.593058586989686994e-03 3.571432652260069125e-03
-1.204231608326707318e-06 1.006761337719966737e-05 -1.620016193242385433e-05 3.185702706772716320e-10 -1.357916798409699147e-07 1.327375726116853885e-07
9.467233545519315513e-04 7.537390335560853341e-04 -3.593058586989686561e-03 -1.357916798409699147e-07 3.140276662380317918e-04 -3.079609502968849374e-04
-9.727085379529838878e-04 -7.594342012766780708e-04 3.571432652260069125e-03 1.327375726116853885e-07 -3.079609502968849916e-04 3.026243051256933018e-04

f300x filter: 
	 Damped-oscillator fit coefficients: 
-3.074955746673434936e-02
-1.080130136830141641e-01
4.185914780266655755e-02
9.688154721366372272e-04
1.331087840869211482e-02
-1.999999999999999695e-02
	 Covariance matrix: 
2.815012940874510605e+04 9.888170874586574791e+04 -3.832052012543115416e+04 8.868894707991631776e+02 2.945495658200553146e-01 -2.528789933219855457e-01
9.888170874586574791e+04 3.473373846212375211e+05 -1.346067883040675661e+05 3.115337236097581354e+03 1.034653870075763260e+00 -8.882782996964567745e-01
-3.832052012543115416e+04 -1.346067883040675661e+05 5.216538232093375700e+04 -1.207314727494927865e+03 -4.009679067537997854e-01 3.442419139488079871e-01
8.868894707991631776e+02 3.115337236097580899e+03 -1.207314727494928093e+03 2.794207167143361303e+01 9.279966888152980584e-03 -7.967101897551044642e-03
2.945495658200553146e-01 1.034653870075763260e+00 -4.009679067537997854e-01 9.279966888152980584e-03 4.508145440800682207e-06 -3.924450740777696422e-06
-2.528789933219855457e-01 -8.882782996964566635e-01 3.442419139488079871e-01 -7.967101897551044642e-03 -3.924450740777695575e-06 3.701432862155974583e-06

