f218w filter: 
	 Damped-oscillator fit coefficients: 
3.603507375825728355e-05
4.765777393723552796e-05
-4.501946470629585029e-02
4.447735041755444124e-02
3.211139495820376652e-14
	 Covariance matrix: 
6.337975744377160694e-11 5.494031495366543178e-14 5.700629686271732853e-12 -5.718702660065186778e-12 2.663857701837428805e-21
5.494031495366543809e-14 1.699914776478315113e-10 1.636063911414927934e-10 -1.654183336100820166e-10 3.524178537121295228e-21
5.700629686271732046e-12 1.636063911414927934e-10 9.568015968161816091e-08 -9.684618778751592163e-08 3.140562421289295715e-18
-5.718702660065186778e-12 -1.654183336100820425e-10 -9.684618778751594810e-08 9.802642619761804472e-08 -3.178835573385177760e-18
2.663857701837428805e-21 3.524178537121295228e-21 3.140562421289295715e-18 -3.178835573385176605e-18 1.032430177292143090e-28

f225w filter: 
	 Damped-oscillator fit coefficients: 
1.004953914217563413e-04
2.122375166496807139e-04
-5.284054720674882105e-02
4.682530222144305060e-02
6.145162198842420476e-17
	 Covariance matrix: 
3.257210605718739312e-63 -1.218909831907312337e-63 1.458580801490855981e-63 -1.644501413519779835e-63 -4.444924586863162279e-50
-1.218909831907312337e-63 4.561391196847300744e-64 -5.458285308438456044e-64 6.154035413016891567e-64 1.663374874041502893e-50
1.458580801490855981e-63 -5.458285308438456044e-64 6.531533302582565335e-64 -7.364086883338757381e-64 -1.990439812240103900e-50
-1.644501413519779565e-63 6.154035413016891567e-64 -7.364086883338757381e-64 8.302763396141529836e-64 2.244154784849206637e-50
-4.444924586863162279e-50 1.663374874041502893e-50 -1.990439812240103900e-50 2.244154784849206637e-50 6.065728310049197062e-37

f275w filter: 
	 Damped-oscillator fit coefficients: 
3.462783407208700675e-13
-1.796212973363857981e-13
3.307206014877250838e-14
1.000000000000000036e-10
3.568384712970458652e-15
	 Covariance matrix: 
0.000000000000000000e+00 0.000000000000000000e+00 0.000000000000000000e+00 0.000000000000000000e+00 -0.000000000000000000e+00
0.000000000000000000e+00 0.000000000000000000e+00 0.000000000000000000e+00 0.000000000000000000e+00 -0.000000000000000000e+00
0.000000000000000000e+00 0.000000000000000000e+00 0.000000000000000000e+00 0.000000000000000000e+00 -0.000000000000000000e+00
0.000000000000000000e+00 0.000000000000000000e+00 0.000000000000000000e+00 0.000000000000000000e+00 -0.000000000000000000e+00
-0.000000000000000000e+00 -0.000000000000000000e+00 -0.000000000000000000e+00 -0.000000000000000000e+00 3.526904581186781435e-13

f300x filter: 
	 Damped-oscillator fit coefficients: 
8.751329777210477826e-07
1.000532864013109304e-06
-5.989647557968013805e-08
2.006721985909452300e-06
1.349676337965541115e-06
	 Covariance matrix: 
1.220221610625749875e+01 -7.373500659488342102e+00 -4.023229765879072772e+01 2.845878116200790675e+00 -1.176939119642373359e-07
-7.373500659488342102e+00 2.910532696428807853e+01 3.943455829077807095e+01 1.011902523274745214e+01 2.642832214198006650e-07
-4.023229765879072772e+01 3.943455829077807095e+01 9.732244660520246953e+02 -2.693214676852123546e+01 2.045409743189530288e-05
2.845878116200791563e+00 1.011902523274745214e+01 -2.693214676852123546e+01 7.090204087271231082e+00 -5.300651107936753549e-07
-1.176939119642371109e-07 2.642832214198006650e-07 2.045409743189530288e-05 -5.300651107936753549e-07 5.051085593622744562e-13

f336w filter: 
	 Damped-oscillator fit coefficients: 
-6.230501108910317449e-13
-9.881590979924863842e-14
-1.386692600430511923e-13
1.000000000000000036e-10
2.909403871893437904e-14
	 Covariance matrix: 
0.000000000000000000e+00 0.000000000000000000e+00 0.000000000000000000e+00 0.000000000000000000e+00 -0.000000000000000000e+00
0.000000000000000000e+00 0.000000000000000000e+00 0.000000000000000000e+00 0.000000000000000000e+00 -0.000000000000000000e+00
0.000000000000000000e+00 0.000000000000000000e+00 0.000000000000000000e+00 0.000000000000000000e+00 -0.000000000000000000e+00
0.000000000000000000e+00 0.000000000000000000e+00 0.000000000000000000e+00 0.000000000000000000e+00 -0.000000000000000000e+00
-0.000000000000000000e+00 -0.000000000000000000e+00 -0.000000000000000000e+00 -0.000000000000000000e+00 2.494650957602176956e-16

f390w filter: 
	 Damped-oscillator fit coefficients: 
8.457198108440062260e-16
2.783584675739814276e-16
1.238520615215193645e-17
1.000000000000000036e-10
1.982747406882897500e-14
	 Covariance matrix: 
0.000000000000000000e+00 0.000000000000000000e+00 0.000000000000000000e+00 0.000000000000000000e+00 -0.000000000000000000e+00
0.000000000000000000e+00 0.000000000000000000e+00 0.000000000000000000e+00 0.000000000000000000e+00 -0.000000000000000000e+00
0.000000000000000000e+00 0.000000000000000000e+00 0.000000000000000000e+00 0.000000000000000000e+00 -0.000000000000000000e+00
0.000000000000000000e+00 0.000000000000000000e+00 0.000000000000000000e+00 0.000000000000000000e+00 -0.000000000000000000e+00
-0.000000000000000000e+00 -0.000000000000000000e+00 -0.000000000000000000e+00 -0.000000000000000000e+00 8.620714861931457617e-16

f438w filter: 
	 Damped-oscillator fit coefficients: 
2.169832196351635954e-07
2.161944586944885907e-07
2.237113645073102444e-09
5.017554454770742163e-07
3.776883902615519409e-07
	 Covariance matrix: 
2.725920182344014364e+01 -1.412044336000795042e+01 -1.058245941958619767e+02 5.232159358430341634e+00 -4.897546131397922988e-08
-1.412044336000795042e+01 6.540608582521974768e+01 5.896152024112127066e+01 2.233847204503040373e+01 2.774956716103032988e-09
-1.058245941958619767e+02 5.896152024112128487e+01 2.067286622466834615e+03 -1.114055916799902057e+01 3.037220762438577189e-06
5.232159358430341634e+00 2.233847204503040373e+01 -1.114055916799901702e+01 1.183807729167322087e+01 -6.440799098615724052e-09
-4.897546131397921665e-08 2.774956716103032161e-09 3.037220762438576765e-06 -6.440799098615722397e-09 5.243844670624855516e-15

f475w filter: 
	 Damped-oscillator fit coefficients: 
6.466268034990115778e-07
2.923874386015670974e-07
7.081022894859017600e-09
1.003410978737058223e-06
5.020490877037323326e-07
	 Covariance matrix: 
6.468572683423664316e+00 -4.403924532992550489e+00 -3.059000925604034649e+01 2.669394646348019151e+00 -4.073630407159732523e-08
-4.403924532992550489e+00 2.551662869575376291e+01 2.041077611028757133e+01 4.741398094108989270e+00 2.023086284930612146e-09
-3.059000925604035004e+01 2.041077611028757488e+01 6.793480741831449450e+02 -8.971567729506634947e+00 2.652840228442424006e-06
2.669394646348019151e+00 4.741398094108990158e+00 -8.971567729506634947e+00 3.038537825853959706e+00 -6.941878843004502608e-09
-4.073630407159733185e-08 2.023086284930615041e-09 2.652840228442424006e-06 -6.941878843004502608e-09 1.217530234401929209e-14

f555w filter: 
	 Damped-oscillator fit coefficients: 
9.064526871684111935e-08
2.660033035932645666e-07
-3.048227872350908421e-08
5.017554364919750814e-07
4.011352165379929907e-07
	 Covariance matrix: 
2.481264195026345121e+01 -7.399819284060677127e+00 -7.521081395417212434e+01 5.128745860802651713e+00 -2.135069339022294547e-08
-7.399819284060677127e+00 4.602852493588220995e+01 8.197126436479896938e+01 1.808511773108107334e+01 6.616242926585062264e-08
-7.521081395417211013e+01 8.197126436479898359e+01 1.642093486333098326e+03 -6.989017512388105047e+01 2.568156730690318073e-06
5.128745860802650824e+00 1.808511773108107334e+01 -6.989017512388105047e+01 1.476021363503191886e+01 -1.248006728472635602e-07
-2.135069339022293885e-08 6.616242926585064911e-08 2.568156730690318073e-06 -1.248006728472635602e-07 4.723199244322265980e-15

f606w filter: 
	 Damped-oscillator fit coefficients: 
-6.133323393488298875e-07
3.448293619647200320e-07
-6.491829483936660469e-08
1.003410978721369267e-06
5.117505581641317173e-07
	 Covariance matrix: 
2.534043848382453668e+00 1.154481913628009337e+00 -1.255835515950829162e+01 -3.396832460182352409e-01 -3.112754763367582696e-08
1.154481913628009337e+00 7.312894101193252894e+00 6.377070456964786693e+00 1.394871676176333564e+00 9.896535026915264223e-09
-1.255835515950829340e+01 6.377070456964786693e+00 1.989548696624752893e+02 -3.004162512453377509e+00 7.917595559984449745e-07
-3.396832460182352409e-01 1.394871676176333564e+00 -3.004162512453377509e+00 8.813509479829376714e-01 -2.879748508133965622e-08
-3.112754763367582696e-08 9.896535026915265877e-09 7.917595559984449745e-07 -2.879748508133965622e-08 3.712812739576903108e-15

f625w filter: 
	 Damped-oscillator fit coefficients: 
-4.336206535963503444e-08
2.582109609491232896e-08
-5.511437421292656474e-09
1.255133871382534799e-07
1.142031325971725705e-07
	 Covariance matrix: 
5.697598580575994447e+02 1.012034893529557849e+02 -2.294519033378302538e+03 -7.526809123830744852e+01 -1.213501252106637791e-07
1.012034893529558133e+02 1.521619116781857883e+03 1.158562345899330921e+03 2.271973201211563094e+02 2.879467846214201381e-08
-2.294519033378302538e+03 1.158562345899330921e+03 3.848473606734863279e+04 -6.587991465094183923e+02 4.277144969150549157e-06
-7.526809123830743431e+01 2.271973201211562525e+02 -6.587991465094183923e+02 1.016708669993823264e+02 -1.399600569116190327e-07
-1.213501252106637526e-07 2.879467846214201381e-08 4.277144969150549157e-06 -1.399600569116190592e-07 5.593676449176012950e-16

f775w filter: 
	 Damped-oscillator fit coefficients: 
-1.267094901316181980e-16
1.281289013421527301e-17
-1.830961985934281831e-17
1.000000000000000036e-10
2.962637953974087081e-13
	 Covariance matrix: 
2.307555329915269166e-51 -0.000000000000000000e+00 2.274590253773621984e-51 -0.000000000000000000e+00 -2.441495837823710065e-34
-0.000000000000000000e+00 0.000000000000000000e+00 -0.000000000000000000e+00 0.000000000000000000e+00 0.000000000000000000e+00
2.274590253773621984e-51 -0.000000000000000000e+00 2.242096107291141441e-51 -0.000000000000000000e+00 -2.406617325854799610e-34
-0.000000000000000000e+00 0.000000000000000000e+00 -0.000000000000000000e+00 0.000000000000000000e+00 0.000000000000000000e+00
-2.441495837823710920e-34 0.000000000000000000e+00 -2.406617325854799610e-34 0.000000000000000000e+00 2.583210833054815657e-17

f814w filter: 
	 Damped-oscillator fit coefficients: 
-2.404773025612994946e-13
4.612573645189024071e-14
-4.040510180706984069e-14
1.000000000000000036e-10
5.530643470356372766e-14
	 Covariance matrix: 
0.000000000000000000e+00 0.000000000000000000e+00 0.000000000000000000e+00 0.000000000000000000e+00 -0.000000000000000000e+00
0.000000000000000000e+00 0.000000000000000000e+00 0.000000000000000000e+00 0.000000000000000000e+00 -0.000000000000000000e+00
0.000000000000000000e+00 0.000000000000000000e+00 3.541870051798799770e-59 0.000000000000000000e+00 -5.358642612499223238e-38
0.000000000000000000e+00 0.000000000000000000e+00 0.000000000000000000e+00 0.000000000000000000e+00 -0.000000000000000000e+00
-0.000000000000000000e+00 -0.000000000000000000e+00 -5.358642612499223238e-38 -0.000000000000000000e+00 8.107313432888106565e-17

G filter: 
	 Damped-oscillator fit coefficients: 
5.824557367231592502e-05
7.204004049505732810e-03
-3.545358647610410800e-03
6.285148436899711671e-03
7.035448581950951983e-07
	 Covariance matrix: 
1.385996123025784755e+03 1.714238969104502175e+05 -8.436409927700323169e+04 -1.495590423293151252e+05 -3.421289379948344735e-06
1.714238969104502175e+05 2.120218949056538567e+07 -1.043438896970704570e+07 -1.849788280772818625e+07 -4.231543605863540914e-04
-8.436409927700323169e+04 -1.043438896970704384e+07 5.135152349230979569e+06 9.103498693745411932e+06 2.082503276571576927e-04
-1.495590423293150961e+05 -1.849788280772818625e+07 9.103498693745411932e+06 1.613850628590557538e+07 3.691816770443099942e-04
-3.421289379948344735e-06 -4.231543605863540914e-04 2.082503276571577469e-04 3.691816770443099942e-04 1.953449879909528464e-14

Gbp filter: 
	 Damped-oscillator fit coefficients: 
5.327753137154686417e-07
4.023729927910221756e-07
1.112303398477313255e-08
1.003410976023064075e-06
6.715115801794207653e-07
	 Covariance matrix: 
8.411537993669112367e+00 -5.226310246700148099e+00 -3.588600094542984920e+01 1.972641051912772392e+00 -6.535725478912325259e-08
-5.226310246700148099e+00 2.344980326792762781e+01 1.971712629506707515e+01 6.847080529373474889e+00 -2.079201661469621569e-09
-3.588600094542984209e+01 1.971712629506707515e+01 7.032706555730409264e+02 -3.351553704592880933e+00 3.673407155046225624e-06
1.972641051912772392e+00 6.847080529373476665e+00 -3.351553704592880489e+00 3.755964046161011538e+00 5.184638127206834141e-09
-6.535725478912322612e-08 -2.079201661469646798e-09 3.673407155046225624e-06 5.184638127206833314e-09 2.255069797524764608e-14

Grp filter: 
	 Damped-oscillator fit coefficients: 
-3.512556143049742361e-13
5.513780248969261115e-14
-4.213919098414411484e-15
1.000000000000000036e-10
3.881764926002381977e-14
	 Covariance matrix: 
0.000000000000000000e+00 0.000000000000000000e+00 0.000000000000000000e+00 0.000000000000000000e+00 -0.000000000000000000e+00
0.000000000000000000e+00 0.000000000000000000e+00 0.000000000000000000e+00 0.000000000000000000e+00 -0.000000000000000000e+00
0.000000000000000000e+00 0.000000000000000000e+00 0.000000000000000000e+00 0.000000000000000000e+00 -0.000000000000000000e+00
0.000000000000000000e+00 0.000000000000000000e+00 0.000000000000000000e+00 0.000000000000000000e+00 -0.000000000000000000e+00
-0.000000000000000000e+00 -0.000000000000000000e+00 -0.000000000000000000e+00 -0.000000000000000000e+00 3.279666296608600666e-16

