f218w filter: 
log(z) = -1.0, log(g) = 0.0
	 Damped-oscillator fit coefficients: 
1.000e-01  1.900e+00  1.728e+00  1.827e+00  3.000e+00 
	 Covariance matrix: 
1.579e+03  3.408e+03  -1.492e+08  1.492e+08  1.064e+04 
3.408e+03  7.360e+03  -3.205e+08  3.205e+08  2.299e+04 
-1.492e+08  -3.205e+08  1.082e+14  -1.082e+14  -1.001e+09 
1.492e+08  3.205e+08  -1.082e+14  1.082e+14  1.001e+09 
1.064e+04  2.299e+04  -1.001e+09  1.001e+09  7.182e+04 

f218w filter: 
log(z) = -1.0, log(g) = 0.5
	 Damped-oscillator fit coefficients: 
8.035e-01  2.090e+00  1.392e+00  1.386e+00  -3.000e+00 
	 Covariance matrix: 
2.318e-01  2.082e+00  -9.900e+04  9.899e+04  1.581e+01 
2.082e+00  1.871e+01  -9.090e+05  9.090e+05  1.422e+02 
-9.900e+04  -9.090e+05  1.187e+12  -1.187e+12  -7.047e+06 
9.899e+04  9.090e+05  -1.187e+12  1.187e+12  7.047e+06 
1.581e+01  1.422e+02  -7.047e+06  7.047e+06  1.084e+03 

f218w filter: 
log(z) = -1.0, log(g) = 1.0
	 Damped-oscillator fit coefficients: 
9.447e-01  5.201e+00  7.787e-02  -4.576e-02  2.487e+00 
	 Covariance matrix: 
2.527e-03  1.742e-01  -1.781e+04  1.781e+04  5.314e-02 
1.742e-01  1.213e+01  -1.421e+06  1.421e+06  3.762e+00 
-1.781e+04  -1.421e+06  2.266e+12  -2.266e+12  -5.323e+05 
1.781e+04  1.421e+06  -2.266e+12  2.266e+12  5.323e+05 
5.314e-02  3.762e+00  -5.323e+05  5.323e+05  1.198e+00 

f218w filter: 
log(z) = -1.0, log(g) = 1.5
	 Damped-oscillator fit coefficients: 
9.748e-01  8.746e+00  2.153e-04  2.154e-04  2.839e+00 
	 Covariance matrix: 
1.699e-04  5.438e-02  -1.448e-05  -1.448e-05  1.552e-03 
5.438e-02  1.922e+01  -5.197e-03  -5.197e-03  6.128e-01 
-1.448e-05  -5.197e-03  1.409e-06  1.409e-06  -1.682e-04 
-1.448e-05  -5.197e-03  1.409e-06  1.409e-06  -1.682e-04 
1.552e-03  6.128e-01  -1.682e-04  -1.682e-04  2.232e-02 

f218w filter: 
log(z) = -1.0, log(g) = 2.0
	 Damped-oscillator fit coefficients: 
9.776e-01  1.500e+01  8.390e-08  2.341e-07  2.897e+00 
	 Covariance matrix: 
1.830e-03  -1.417e+00  -2.161e-06  2.590e-06  1.453e-04 
-1.417e+00  1.124e+03  1.714e-03  -2.054e-03  -1.637e-01 
-2.161e-06  1.714e-03  2.614e-09  -3.133e-09  -2.493e-07 
2.590e-06  -2.054e-03  -3.133e-09  3.756e-09  2.996e-07 
1.453e-04  -1.637e-01  -2.493e-07  2.996e-07  4.975e-04 

f218w filter: 
log(z) = -1.0, log(g) = 2.5
	 Damped-oscillator fit coefficients: 
1.000e-01  1.975e-18  1.591e+00  1.591e+00  -3.845e-01 
	 Covariance matrix: 
0.000e+00  0.000e+00  0.000e+00  0.000e+00  0.000e+00 
0.000e+00  1.801e-02  -9.774e-04  -9.774e-04  -9.774e-04 
0.000e+00  -9.774e-04  8.014e-05  8.014e-05  8.014e-05 
0.000e+00  -9.774e-04  8.014e-05  8.014e-05  8.014e-05 
0.000e+00  -9.774e-04  8.014e-05  8.014e-05  8.014e-05 

f218w filter: 
log(z) = -1.0, log(g) = 3.0
	 Damped-oscillator fit coefficients: 
1.000e-01  5.662e-13  7.360e-01  7.304e-01  1.360e+00 
	 Covariance matrix: 
0.000e+00  0.000e+00  0.000e+00  0.000e+00  0.000e+00 
0.000e+00  2.898e-02  -4.537e-04  -4.537e-04  -4.537e-04 
0.000e+00  -4.537e-04  3.025e-05  3.025e-05  3.025e-05 
0.000e+00  -4.537e-04  3.025e-05  3.025e-05  3.025e-05 
0.000e+00  -4.537e-04  3.025e-05  3.025e-05  3.025e-05 

f218w filter: 
log(z) = -1.0, log(g) = 3.5
	 Damped-oscillator fit coefficients: 
2.882e-01  5.864e-16  2.441e-01  2.000e-01  2.398e+00 
	 Covariance matrix: 
0.000e+00  0.000e+00  0.000e+00  0.000e+00  0.000e+00 
0.000e+00  4.526e-02  -3.797e+05  -3.797e+05  7.594e+05 
0.000e+00  -3.797e+05  5.861e+12  5.861e+12  -1.172e+13 
0.000e+00  -3.797e+05  5.861e+12  5.861e+12  -1.172e+13 
0.000e+00  7.594e+05  -1.172e+13  -1.172e+13  2.345e+13 

f218w filter: 
log(z) = -1.0, log(g) = 4.0
	 Damped-oscillator fit coefficients: 
1.000e-01  7.371e-16  6.913e-01  6.911e-01  1.473e+00 
	 Covariance matrix: 
0.000e+00  0.000e+00  0.000e+00  0.000e+00  0.000e+00 
0.000e+00  4.014e-02  -1.396e+05  -1.396e+05  2.793e+05 
0.000e+00  -1.396e+05  6.102e+11  6.102e+11  -1.220e+12 
0.000e+00  -1.396e+05  6.102e+11  6.102e+11  -1.220e+12 
0.000e+00  2.793e+05  -1.220e+12  -1.220e+12  2.441e+12 

f218w filter: 
log(z) = -1.0, log(g) = 4.5
	 Damped-oscillator fit coefficients: 
2.040e+00  5.277e+00  -1.391e-02  -8.597e-10  2.933e+00 
	 Covariance matrix: 
4.135e+00  -1.329e+01  -7.148e-02  -3.572e-09  3.335e-02 
-1.329e+01  4.337e+01  2.264e-01  1.384e-08  -1.048e-01 
-7.148e-02  2.264e-01  1.361e-03  5.032e-11  -7.205e-04 
-3.572e-09  1.384e-08  5.032e-11  1.120e-17  -2.062e-11 
3.335e-02  -1.048e-01  -7.205e-04  -2.062e-11  5.864e-04 

f218w filter: 
log(z) = -1.0, log(g) = 5.0
	 Damped-oscillator fit coefficients: 
2.069e+00  4.916e+00  -1.423e-02  -2.612e-09  2.934e+00 
	 Covariance matrix: 
5.396e+00  -1.572e+01  -8.532e-02  -1.169e-08  4.114e-02 
-1.572e+01  4.638e+01  2.450e-01  4.025e-08  -1.177e-01 
-8.532e-02  2.450e-01  1.505e-03  1.464e-10  -8.134e-04 
-1.169e-08  4.025e-08  1.464e-10  9.078e-17  -6.546e-11 
4.114e-02  -1.177e-01  -8.134e-04  -6.546e-11  6.361e-04 

f225w filter: 
log(z) = -1.0, log(g) = 0.0
	 Damped-oscillator fit coefficients: 
9.835e-01  1.000e+01  2.369e-02  -2.358e-02  2.350e+00 
	 Covariance matrix: 
7.321e-03  5.309e+00  4.535e+03  -4.535e+03  3.123e-01 
5.309e+00  3.897e+03  3.211e+06  -3.211e+06  2.317e+02 
4.535e+03  3.211e+06  6.647e+09  -6.647e+09  1.845e+05 
-4.535e+03  -3.211e+06  -6.647e+09  6.647e+09  -1.845e+05 
3.123e-01  2.317e+02  1.845e+05  -1.845e+05  1.392e+01 

f225w filter: 
log(z) = -1.0, log(g) = 0.5
	 Damped-oscillator fit coefficients: 
9.781e-01  1.000e+01  3.765e-02  -3.758e-02  2.489e+00 
	 Covariance matrix: 
1.087e-03  8.526e-01  2.325e+03  -2.325e+03  1.073e-02 
8.526e-01  9.957e+02  1.873e+06  -1.873e+06  1.508e+01 
2.325e+03  1.873e+06  5.605e+09  -5.605e+09  2.443e+04 
-2.325e+03  -1.873e+06  -5.605e+09  5.605e+09  -2.443e+04 
1.073e-02  1.508e+01  2.443e+04  -2.443e+04  2.433e-01 

f225w filter: 
log(z) = -1.0, log(g) = 1.0
	 Damped-oscillator fit coefficients: 
9.760e-01  1.000e+01  4.290e-02  -4.285e-02  2.519e+00 
	 Covariance matrix: 
1.462e-04  -4.943e-02  -6.216e+00  6.216e+00  -1.134e-03 
-4.943e-02  3.228e+02  9.159e+04  -9.159e+04  3.589e+00 
-6.216e+00  9.159e+04  2.161e+08  -2.161e+08  9.497e+02 
6.216e+00  -9.159e+04  -2.161e+08  2.161e+08  -9.497e+02 
-1.134e-03  3.589e+00  9.497e+02  -9.497e+02  4.334e-02 

f225w filter: 
log(z) = -1.0, log(g) = 1.5
	 Damped-oscillator fit coefficients: 
9.748e-01  1.000e+01  7.865e-02  -7.861e-02  2.535e+00 
	 Covariance matrix: 
3.000e-04  -4.027e-02  1.625e+02  -1.625e+02  -9.209e-04 
-4.027e-02  2.342e+02  2.112e+04  -2.112e+04  1.701e+00 
1.625e+02  2.112e+04  2.172e+08  -2.172e+08  -8.521e+01 
-1.625e+02  -2.112e+04  -2.172e+08  2.172e+08  8.521e+01 
-9.209e-04  1.701e+00  -8.521e+01  8.521e+01  1.457e-02 

f225w filter: 
log(z) = -1.0, log(g) = 2.0
	 Damped-oscillator fit coefficients: 
9.689e-01  1.000e+01  3.601e-05  4.787e-07  2.562e+00 
	 Covariance matrix: 
5.004e-04  -2.071e-01  1.086e+04  -1.086e+04  -6.940e-04 
-2.071e-01  2.057e+02  6.819e+06  -6.819e+06  4.540e-01 
1.086e+04  6.819e+06  1.043e+13  -1.043e+13  7.405e+03 
-1.086e+04  -6.819e+06  -1.043e+13  1.043e+13  -7.405e+03 
-6.940e-04  4.540e-01  7.405e+03  -7.405e+03  1.605e-03 

f225w filter: 
log(z) = -1.0, log(g) = 2.5
	 Damped-oscillator fit coefficients: 
1.000e-01  1.968e-19  2.164e-01  1.824e-01  2.104e+00 
	 Covariance matrix: 
0.000e+00  0.000e+00  0.000e+00  0.000e+00  0.000e+00 
0.000e+00  1.147e+00  -7.800e-03  -7.800e-03  -7.800e-03 
0.000e+00  -7.800e-03  8.014e-05  8.014e-05  8.014e-05 
0.000e+00  -7.800e-03  8.014e-05  8.014e-05  8.014e-05 
0.000e+00  -7.800e-03  8.014e-05  8.014e-05  8.014e-05 

f225w filter: 
log(z) = -1.0, log(g) = 3.0
	 Damped-oscillator fit coefficients: 
1.000e-01  3.856e-11  4.206e-01  4.204e-01  1.683e+00 
	 Covariance matrix: 
0.000e+00  0.000e+00  0.000e+00  0.000e+00  0.000e+00 
0.000e+00  8.945e-02  3.031e+04  3.031e+04  -6.063e+04 
0.000e+00  3.031e+04  6.746e+11  6.746e+11  -1.349e+12 
0.000e+00  3.031e+04  6.746e+11  6.746e+11  -1.349e+12 
0.000e+00  -6.063e+04  -1.349e+12  -1.349e+12  2.698e+12 

f225w filter: 
log(z) = -1.0, log(g) = 3.5
	 Damped-oscillator fit coefficients: 
1.000e-01  3.234e-24  9.765e-01  9.762e-01  5.837e-01 
	 Covariance matrix: 
0.000e+00  0.000e+00  0.000e+00  0.000e+00  0.000e+00 
0.000e+00  8.875e-03  -9.129e-05  -9.129e-05  -9.129e-05 
0.000e+00  -9.129e-05  2.190e-05  2.190e-05  2.190e-05 
0.000e+00  -9.129e-05  2.190e-05  2.190e-05  2.190e-05 
0.000e+00  -9.129e-05  2.190e-05  2.190e-05  2.190e-05 

f225w filter: 
log(z) = -1.0, log(g) = 4.0
	 Damped-oscillator fit coefficients: 
1.000e-01  6.658e-16  4.281e-01  4.279e-01  1.694e+00 
	 Covariance matrix: 
0.000e+00  0.000e+00  0.000e+00  0.000e+00  0.000e+00 
0.000e+00  2.137e-02  8.023e-05  8.023e-05  8.023e-05 
0.000e+00  8.023e-05  1.852e-05  1.852e-05  1.852e-05 
0.000e+00  8.023e-05  1.852e-05  1.852e-05  1.852e-05 
0.000e+00  8.023e-05  1.852e-05  1.852e-05  1.852e-05 

f225w filter: 
log(z) = -1.0, log(g) = 4.5
	 Damped-oscillator fit coefficients: 
1.000e-01  3.215e-22  8.479e-01  8.479e-01  8.655e-01 
	 Covariance matrix: 
0.000e+00  0.000e+00  0.000e+00  0.000e+00  0.000e+00 
0.000e+00  2.616e-03  7.815e-05  7.815e-05  7.815e-05 
0.000e+00  7.815e-05  1.798e-05  1.798e-05  1.798e-05 
0.000e+00  7.815e-05  1.798e-05  1.798e-05  1.798e-05 
0.000e+00  7.815e-05  1.798e-05  1.798e-05  1.798e-05 

f225w filter: 
log(z) = -1.0, log(g) = 5.0
	 Damped-oscillator fit coefficients: 
1.000e-01  1.753e-19  3.551e-01  3.550e-01  1.852e+00 
	 Covariance matrix: 
0.000e+00  0.000e+00  0.000e+00  0.000e+00  0.000e+00 
0.000e+00  1.400e-02  1.888e-04  1.888e-04  1.888e-04 
0.000e+00  1.888e-04  1.798e-05  1.798e-05  1.798e-05 
0.000e+00  1.888e-04  1.798e-05  1.798e-05  1.798e-05 
0.000e+00  1.888e-04  1.798e-05  1.798e-05  1.798e-05 

f275w filter: 
log(z) = -1.0, log(g) = 0.0
	 Damped-oscillator fit coefficients: 
9.712e-01  1.079e+01  4.211e-02  -4.211e-02  1.971e+00 
	 Covariance matrix: 
4.539e+03  -1.677e+06  7.363e+04  -7.363e+04  -1.549e+03 
-1.677e+06  6.193e+08  -2.729e+07  2.729e+07  5.722e+05 
7.363e+04  -2.729e+07  2.402e+07  -2.402e+07  -2.506e+04 
-7.363e+04  2.729e+07  -2.402e+07  2.402e+07  2.506e+04 
-1.549e+03  5.722e+05  -2.506e+04  2.506e+04  5.287e+02 

f275w filter: 
log(z) = -1.0, log(g) = 0.5
	 Damped-oscillator fit coefficients: 
8.823e-01  5.126e+00  2.850e-02  -2.660e-02  2.017e+00 
	 Covariance matrix: 
1.235e+02  2.121e+04  -1.536e+06  1.536e+06  2.157e+02 
2.121e+04  3.649e+06  -2.986e+08  2.986e+08  3.713e+04 
-1.536e+06  -2.986e+08  4.800e+12  -4.800e+12  -3.067e+06 
1.536e+06  2.986e+08  -4.800e+12  4.800e+12  3.067e+06 
2.157e+02  3.713e+04  -3.067e+06  3.067e+06  3.778e+02 

f275w filter: 
log(z) = -1.0, log(g) = 1.0
	 Damped-oscillator fit coefficients: 
8.493e-01  4.591e+00  1.681e-03  1.680e-03  2.022e+00 
	 Covariance matrix: 
1.506e+02  1.219e+04  -2.439e+01  -2.439e+01  1.465e+02 
1.219e+04  9.883e+05  -1.977e+03  -1.977e+03  1.188e+04 
-2.439e+01  -1.977e+03  3.956e+00  3.956e+00  -2.376e+01 
-2.439e+01  -1.977e+03  3.956e+00  3.956e+00  -2.376e+01 
1.465e+02  1.188e+04  -2.376e+01  -2.376e+01  1.428e+02 

f275w filter: 
log(z) = -1.0, log(g) = 1.5
	 Damped-oscillator fit coefficients: 
8.434e-01  4.701e+00  4.154e-02  -3.882e-02  2.025e+00 
	 Covariance matrix: 
6.267e+01  4.546e+03  -5.088e+06  5.088e+06  3.940e+01 
4.546e+03  3.303e+05  -3.760e+08  3.760e+08  2.865e+03 
-5.088e+06  -3.760e+08  2.260e+12  -2.260e+12  -3.264e+06 
5.088e+06  3.760e+08  -2.260e+12  2.260e+12  3.264e+06 
3.940e+01  2.865e+03  -3.264e+06  3.264e+06  2.486e+01 

f275w filter: 
log(z) = -1.0, log(g) = 2.0
	 Damped-oscillator fit coefficients: 
3.000e+00  9.047e-01  -2.851e-02  -6.194e-04  2.073e+00 
	 Covariance matrix: 
7.296e+07  -2.340e+07  -1.519e+06  -2.850e+02  1.520e+06 
-2.340e+07  7.504e+06  4.870e+05  9.143e+01  -4.875e+05 
-1.519e+06  4.870e+05  3.161e+04  5.913e+00  -3.164e+04 
-2.850e+02  9.143e+01  5.913e+00  1.211e-03  -5.918e+00 
1.520e+06  -4.875e+05  -3.164e+04  -5.918e+00  3.167e+04 

f275w filter: 
log(z) = -1.0, log(g) = 2.5
	 Damped-oscillator fit coefficients: 
1.000e-01  3.122e-14  5.048e-01  5.047e-01  1.004e+00 
	 Covariance matrix: 
0.000e+00  0.000e+00  0.000e+00  0.000e+00  0.000e+00 
0.000e+00  1.790e-01  -3.081e-03  -3.081e-03  -3.081e-03 
0.000e+00  -3.081e-03  8.014e-05  8.014e-05  8.014e-05 
0.000e+00  -3.081e-03  8.014e-05  8.014e-05  8.014e-05 
0.000e+00  -3.081e-03  8.014e-05  8.014e-05  8.014e-05 

f275w filter: 
log(z) = -1.0, log(g) = 3.0
	 Damped-oscillator fit coefficients: 
1.000e-01  3.113e-24  1.397e+00  1.397e+00  -7.719e-01 
	 Covariance matrix: 
0.000e+00  0.000e+00  0.000e+00  0.000e+00  0.000e+00 
0.000e+00  7.986e-03  -2.382e-04  -2.382e-04  -2.382e-04 
0.000e+00  -2.382e-04  3.025e-05  3.025e-05  3.025e-05 
0.000e+00  -2.382e-04  3.025e-05  3.025e-05  3.025e-05 
0.000e+00  -2.382e-04  3.025e-05  3.025e-05  3.025e-05 

f275w filter: 
log(z) = -1.0, log(g) = 3.5
	 Damped-oscillator fit coefficients: 
1.000e-01  2.355e-20  1.532e-01  1.263e-01  1.747e+00 
	 Covariance matrix: 
0.000e+00  0.000e+00  0.000e+00  0.000e+00  0.000e+00 
0.000e+00  4.329e-01  -6.376e-04  -6.376e-04  -6.376e-04 
0.000e+00  -6.376e-04  2.190e-05  2.190e-05  2.190e-05 
0.000e+00  -6.376e-04  2.190e-05  2.190e-05  2.190e-05 
0.000e+00  -6.376e-04  2.190e-05  2.190e-05  2.190e-05 

f275w filter: 
log(z) = -1.0, log(g) = 4.0
	 Damped-oscillator fit coefficients: 
1.000e-01  1.177e-13  1.732e-01  1.733e-01  1.685e+00 
	 Covariance matrix: 
0.000e+00  0.000e+00  0.000e+00  0.000e+00  0.000e+00 
0.000e+00  1.305e-01  -6.050e+03  -6.050e+03  1.210e+04 
0.000e+00  -6.050e+03  5.245e+11  5.245e+11  -1.049e+12 
0.000e+00  -6.050e+03  5.245e+11  5.245e+11  -1.049e+12 
0.000e+00  1.210e+04  -1.049e+12  -1.049e+12  2.098e+12 

f275w filter: 
log(z) = -1.0, log(g) = 4.5
	 Damped-oscillator fit coefficients: 
1.000e-01  9.359e-17  2.545e-01  2.547e-01  1.527e+00 
	 Covariance matrix: 
0.000e+00  0.000e+00  0.000e+00  0.000e+00  0.000e+00 
0.000e+00  2.901e-02  2.602e-04  2.602e-04  2.602e-04 
0.000e+00  2.602e-04  1.798e-05  1.798e-05  1.798e-05 
0.000e+00  2.602e-04  1.798e-05  1.798e-05  1.798e-05 
0.000e+00  2.602e-04  1.798e-05  1.798e-05  1.798e-05 

f275w filter: 
log(z) = -1.0, log(g) = 5.0
	 Damped-oscillator fit coefficients: 
1.499e+00  1.710e+00  -1.621e-02  -1.057e-03  2.068e+00 
	 Covariance matrix: 
2.685e+01  -5.456e+01  -3.506e-01  -4.692e-02  3.866e-01 
-5.456e+01  1.199e+02  6.319e-01  1.230e-01  -7.819e-01 
-3.506e-01  6.319e-01  6.097e-03  3.526e-04  -5.642e-03 
-4.692e-02  1.230e-01  3.526e-04  1.669e-04  -6.576e-04 
3.866e-01  -7.819e-01  -5.642e-03  -6.576e-04  6.143e-03 

