f218w filter: 
log(z) = -2.0, log(g) = 0.0
	 Damped-oscillator fit coefficients: 
4.152e-01  4.821e-01  -1.762e-07  1.692e-07  -2.000e+00 
	 Covariance matrix: 
2.954e+13  -4.183e+03  7.254e+12  -7.254e+12  3.204e+08 
-4.183e+03  6.517e-05  1.346e+04  -1.346e+04  -7.704e-01 
7.254e+12  1.346e+04  5.032e+12  -5.032e+12  -8.404e+07 
-7.254e+12  -1.346e+04  -5.032e+12  5.032e+12  8.401e+07 
3.204e+08  -7.704e-01  -8.404e+07  8.401e+07  3.414e+04 

f218w filter: 
log(z) = -2.0, log(g) = 0.5
	 Damped-oscillator fit coefficients: 
4.204e-01  5.006e-01  -1.327e-08  1.327e-08  -2.000e+00 
	 Covariance matrix: 
0.000e+00  0.000e+00  0.000e+00  0.000e+00  0.000e+00 
0.000e+00  7.036e-04  7.384e+04  -7.384e+04  -1.359e-01 
0.000e+00  7.384e+04  7.748e+12  -7.748e+12  -1.426e+07 
0.000e+00  -7.384e+04  -7.748e+12  7.748e+12  1.426e+07 
0.000e+00  -1.359e-01  -1.426e+07  1.426e+07  3.355e+02 

f218w filter: 
log(z) = -2.0, log(g) = 1.0
	 Damped-oscillator fit coefficients: 
4.106e-01  5.325e-01  -3.804e-09  3.797e-09  -2.000e+00 
	 Covariance matrix: 
0.000e+00  0.000e+00  0.000e+00  0.000e+00  0.000e+00 
0.000e+00  1.888e-06  2.714e+03  -2.714e+03  4.026e-03 
0.000e+00  2.714e+03  3.900e+12  -3.900e+12  5.786e+06 
0.000e+00  -2.714e+03  -3.900e+12  3.900e+12  -5.786e+06 
0.000e+00  4.026e-03  5.786e+06  -5.786e+06  2.281e+02 

f218w filter: 
log(z) = -2.0, log(g) = 1.5
	 Damped-oscillator fit coefficients: 
4.000e-01  1.331e-07  -4.693e-02  -4.693e-02  -1.906e+00 
	 Covariance matrix: 
4.348e+12  6.239e+05  -2.900e+10  -2.900e+10  5.801e+10 
6.239e+05  4.127e+01  5.994e+06  5.994e+06  -1.199e+07 
-2.900e+10  5.994e+06  1.692e+12  1.692e+12  -3.384e+12 
-2.900e+10  5.994e+06  1.692e+12  1.692e+12  -3.384e+12 
5.801e+10  -1.199e+07  -3.384e+12  -3.384e+12  6.769e+12 

f218w filter: 
log(z) = -2.0, log(g) = 2.0
	 Damped-oscillator fit coefficients: 
4.434e-01  1.159e-01  -2.351e-02  2.351e-02  -2.000e+00 
	 Covariance matrix: 
0.000e+00  0.000e+00  0.000e+00  0.000e+00  0.000e+00 
0.000e+00  9.496e-06  3.201e+03  -3.201e+03  -3.143e-04 
0.000e+00  3.201e+03  1.079e+12  -1.079e+12  -1.060e+05 
0.000e+00  -3.201e+03  -1.079e+12  1.079e+12  1.060e+05 
0.000e+00  -3.143e-04  -1.060e+05  1.060e+05  2.925e+00 

f218w filter: 
log(z) = -2.0, log(g) = 2.5
	 Damped-oscillator fit coefficients: 
7.300e-01  1.474e+00  -6.705e-11  6.705e-11  -2.000e+00 
	 Covariance matrix: 
0.000e+00  0.000e+00  0.000e+00  0.000e+00  0.000e+00 
0.000e+00  2.294e-05  -6.868e+03  6.868e+03  1.683e-06 
0.000e+00  -6.868e+03  2.056e+12  -2.056e+12  -5.040e+02 
0.000e+00  6.868e+03  -2.056e+12  2.056e+12  5.040e+02 
0.000e+00  1.683e-06  -5.040e+02  5.040e+02  6.895e-03 

f218w filter: 
log(z) = -2.0, log(g) = 3.0
	 Damped-oscillator fit coefficients: 
4.000e-01  3.895e-08  -2.402e-01  -2.402e-01  -1.520e+00 
	 Covariance matrix: 
1.769e+12  -1.144e+05  5.783e+10  8.365e+11  -8.943e+11 
-1.144e+05  4.649e-02  1.340e+05  4.486e+04  -1.789e+05 
5.783e+10  1.340e+05  1.233e+13  -1.212e+13  -2.130e+11 
8.365e+11  4.486e+04  -1.212e+13  1.502e+13  -2.903e+12 
-8.943e+11  -1.789e+05  -2.130e+11  -2.903e+12  3.116e+12 

f218w filter: 
log(z) = -2.0, log(g) = 3.5
	 Damped-oscillator fit coefficients: 
1.098e+00  7.573e-22  -4.695e-01  -4.694e-01  -1.061e+00 
	 Covariance matrix: 
0.000e+00  0.000e+00  0.000e+00  0.000e+00  0.000e+00 
0.000e+00  3.187e-04  1.730e-05  1.730e-05  1.730e-05 
0.000e+00  1.730e-05  2.190e-05  2.190e-05  2.190e-05 
0.000e+00  1.730e-05  2.190e-05  2.190e-05  2.190e-05 
0.000e+00  1.730e-05  2.190e-05  2.190e-05  2.190e-05 

f218w filter: 
log(z) = -2.0, log(g) = 4.0
	 Damped-oscillator fit coefficients: 
4.000e-01  1.033e-07  -3.343e-01  -3.343e-01  -1.331e+00 
	 Covariance matrix: 
9.203e+11  -2.210e+05  9.537e+10  -4.175e+10  -5.362e+10 
-2.210e+05  1.148e-01  2.090e+05  1.497e+05  -3.587e+05 
9.537e+10  2.090e+05  6.698e+12  -5.172e+12  -1.526e+12 
-4.175e+10  1.497e+05  -5.172e+12  5.968e+12  -7.965e+11 
-5.362e+10  -3.587e+05  -1.526e+12  -7.965e+11  2.323e+12 

f218w filter: 
log(z) = -2.0, log(g) = 4.5
	 Damped-oscillator fit coefficients: 
4.000e-01  1.556e-06  -8.180e-04  -8.180e-04  -1.998e+00 
	 Covariance matrix: 
4.944e+12  8.476e+08  4.551e+11  4.551e+11  -9.103e+11 
8.476e+08  1.759e+06  9.254e+08  9.254e+08  -1.851e+09 
4.551e+11  9.254e+08  4.868e+11  4.868e+11  -9.735e+11 
4.551e+11  9.254e+08  4.868e+11  4.868e+11  -9.735e+11 
-9.103e+11  -1.851e+09  -9.735e+11  -9.735e+11  1.947e+12 

f218w filter: 
log(z) = -2.0, log(g) = 5.0
	 Damped-oscillator fit coefficients: 
4.000e-01  1.477e-06  -9.033e-04  -9.033e-04  -1.998e+00 
	 Covariance matrix: 
2.190e+12  3.331e+08  2.109e+11  2.109e+11  -4.218e+11 
3.331e+08  1.119e+06  6.852e+08  6.852e+08  -1.370e+09 
2.109e+11  6.852e+08  4.197e+11  4.197e+11  -8.394e+11 
2.109e+11  6.852e+08  4.197e+11  4.197e+11  -8.394e+11 
-4.218e+11  -1.370e+09  -8.394e+11  -8.394e+11  1.679e+12 

f225w filter: 
log(z) = -2.0, log(g) = 0.0
	 Damped-oscillator fit coefficients: 
2.743e+00  7.008e+00  -1.040e-01  4.714e-18  2.681e-01 
	 Covariance matrix: 
6.696e-69  -0.000e+00  6.099e-69  8.881e-53  1.563e-69 
-0.000e+00  0.000e+00  -0.000e+00  -0.000e+00  -0.000e+00 
6.099e-69  -0.000e+00  5.554e-69  8.088e-53  1.424e-69 
8.881e-53  -0.000e+00  8.088e-53  1.178e-36  2.074e-53 
1.563e-69  -0.000e+00  1.424e-69  2.074e-53  3.650e-70 

f225w filter: 
log(z) = -2.0, log(g) = 0.5
	 Damped-oscillator fit coefficients: 
2.980e+00  6.711e+00  1.094e-01  4.085e-19  -2.962e-01 
	 Covariance matrix: 
1.025e-72  -0.000e+00  1.266e-72  1.837e-55  3.606e-73 
-0.000e+00  0.000e+00  -0.000e+00  -0.000e+00  -0.000e+00 
1.266e-72  -0.000e+00  1.564e-72  2.269e-55  4.454e-73 
1.837e-55  -0.000e+00  2.269e-55  3.291e-38  6.462e-56 
3.606e-73  -0.000e+00  4.454e-73  6.462e-56  1.269e-73 

f225w filter: 
log(z) = -2.0, log(g) = 1.0
	 Damped-oscillator fit coefficients: 
1.052e+00  1.984e+00  -3.000e-01  8.475e-02  2.052e-01 
	 Covariance matrix: 
9.817e+04  -3.093e+05  -3.325e+03  -9.388e+04  1.067e+05 
-3.093e+05  9.748e+05  1.082e+04  2.957e+05  -3.364e+05 
-3.325e+03  1.082e+04  3.532e+02  3.109e+03  -3.840e+03 
-9.388e+04  2.957e+05  3.109e+03  8.980e+04  -1.020e+05 
1.067e+05  -3.364e+05  -3.840e+03  -1.020e+05  1.162e+05 

f225w filter: 
log(z) = -2.0, log(g) = 1.5
	 Damped-oscillator fit coefficients: 
1.046e+00  2.249e+00  -3.000e-01  8.087e-02  2.551e-01 
	 Covariance matrix: 
6.307e+03  -2.239e+04  2.193e+02  -6.871e+03  7.474e+03 
-2.239e+04  7.959e+04  -7.282e+02  2.438e+04  -2.658e+04 
2.193e+02  -7.282e+02  3.917e+01  -2.480e+02  2.284e+02 
-6.871e+03  2.438e+04  -2.480e+02  7.489e+03  -8.133e+03 
7.474e+03  -2.658e+04  2.284e+02  -8.133e+03  8.887e+03 

f225w filter: 
log(z) = -2.0, log(g) = 2.0
	 Damped-oscillator fit coefficients: 
1.002e+00  3.153e+00  -3.000e-01  2.135e-01  1.285e-01 
	 Covariance matrix: 
6.247e+00  -2.848e+01  3.841e+02  -3.868e+02  2.919e+00 
-2.848e+01  1.325e+02  -1.750e+03  1.762e+03  -1.377e+01 
3.841e+02  -1.750e+03  2.362e+04  -2.378e+04  1.793e+02 
-3.868e+02  1.762e+03  -2.378e+04  2.394e+04  -1.806e+02 
2.919e+00  -1.377e+01  1.793e+02  -1.806e+02  1.451e+00 

f225w filter: 
log(z) = -2.0, log(g) = 2.5
	 Damped-oscillator fit coefficients: 
1.000e+00  4.361e+00  -3.000e-01  2.804e-01  1.279e-02 
	 Covariance matrix: 
6.342e-01  -4.290e+00  1.645e+03  -1.645e+03  6.846e-02 
-4.290e+00  3.056e+01  -1.113e+04  1.113e+04  -5.181e-01 
1.645e+03  -1.113e+04  4.267e+06  -4.267e+06  1.775e+02 
-1.645e+03  1.113e+04  -4.267e+06  4.268e+06  -1.775e+02 
6.846e-02  -5.181e-01  1.775e+02  -1.775e+02  1.038e-02 

f225w filter: 
log(z) = -2.0, log(g) = 3.0
	 Damped-oscillator fit coefficients: 
1.000e+00  4.918e+00  -2.806e-01  2.690e-01  4.237e-04 
	 Covariance matrix: 
2.792e-01  -2.112e+00  2.087e+03  -2.087e+03  1.202e-02 
-2.112e+00  1.719e+01  -1.578e+04  1.578e+04  -1.119e-01 
2.087e+03  -1.578e+04  1.559e+07  -1.559e+07  8.979e+01 
-2.087e+03  1.578e+04  -1.559e+07  1.559e+07  -8.979e+01 
1.202e-02  -1.119e-01  8.979e+01  -8.979e+01  1.415e-03 

f225w filter: 
log(z) = -2.0, log(g) = 3.5
	 Damped-oscillator fit coefficients: 
1.000e+00  5.248e+00  -2.388e-01  2.298e-01  -1.330e-03 
	 Covariance matrix: 
2.245e-01  -1.854e+00  2.000e+03  -2.000e+03  6.569e-03 
-1.854e+00  1.650e+01  -1.652e+04  1.652e+04  -6.913e-02 
2.000e+03  -1.652e+04  1.782e+07  -1.782e+07  5.852e+01 
-2.000e+03  1.652e+04  -1.782e+07  1.782e+07  -5.852e+01 
6.569e-03  -6.913e-02  5.852e+01  -5.852e+01  7.792e-04 

f225w filter: 
log(z) = -2.0, log(g) = 4.0
	 Damped-oscillator fit coefficients: 
1.000e+00  5.482e+00  -2.092e-01  2.019e-01  -1.913e-03 
	 Covariance matrix: 
1.881e-01  -1.665e+00  1.828e+03  -1.828e+03  3.773e-03 
-1.665e+00  1.590e+01  -1.618e+04  1.618e+04  -4.388e-02 
1.828e+03  -1.618e+04  1.777e+07  -1.777e+07  3.667e+01 
-1.828e+03  1.618e+04  -1.777e+07  1.777e+07  -3.667e+01 
3.773e-03  -4.388e-02  3.667e+01  -3.667e+01  4.651e-04 

f225w filter: 
log(z) = -2.0, log(g) = 4.5
	 Damped-oscillator fit coefficients: 
1.000e+00  5.636e+00  -1.860e-01  1.795e-01  -1.818e-03 
	 Covariance matrix: 
1.809e-01  -1.653e+00  1.712e+03  -1.712e+03  2.585e-03 
-1.653e+00  1.627e+01  -1.564e+04  1.564e+04  -3.139e-02 
1.712e+03  -1.564e+04  1.620e+07  -1.620e+07  2.446e+01 
-1.712e+03  1.564e+04  -1.620e+07  1.620e+07  -2.446e+01 
2.585e-03  -3.139e-02  2.446e+01  -2.446e+01  3.139e-04 

f225w filter: 
log(z) = -2.0, log(g) = 5.0
	 Damped-oscillator fit coefficients: 
1.000e+00  5.728e+00  -1.994e-01  1.935e-01  -1.768e-03 
	 Covariance matrix: 
1.788e-01  -1.690e+00  2.597e+03  -2.597e+03  2.475e-03 
-1.690e+00  1.722e+01  -2.456e+04  2.456e+04  -3.118e-02 
2.597e+03  -2.456e+04  3.773e+07  -3.773e+07  3.595e+01 
-2.597e+03  2.456e+04  -3.773e+07  3.773e+07  -3.595e+01 
2.475e-03  -3.118e-02  3.595e+01  -3.595e+01  3.020e-04 

f275w filter: 
log(z) = -2.0, log(g) = 0.0
	 Damped-oscillator fit coefficients: 
3.000e+00  1.525e-01  -3.000e-01  2.799e-01  -3.000e-01 
	 Covariance matrix: 
1.849e+14  -9.965e+12  -3.855e+13  -3.219e+10  3.858e+13 
-9.965e+12  5.371e+11  2.078e+12  1.731e+09  -2.080e+12 
-3.855e+13  2.078e+12  8.055e+12  6.090e+09  -8.061e+12 
-3.219e+10  1.731e+09  6.090e+09  2.752e+07  -6.117e+09 
3.858e+13  -2.080e+12  -8.061e+12  -6.117e+09  8.068e+12 

f275w filter: 
log(z) = -2.0, log(g) = 0.5
	 Damped-oscillator fit coefficients: 
1.051e+00  1.889e+00  -3.000e-01  8.729e-02  1.660e-01 
	 Covariance matrix: 
1.021e+06  -3.080e+06  1.872e+04  -1.020e+06  1.097e+06 
-3.080e+06  9.289e+06  -5.448e+04  3.074e+06  -3.311e+06 
1.872e+04  -5.448e+04  1.795e+03  -1.912e+04  1.876e+04 
-1.020e+06  3.074e+06  -1.912e+04  1.018e+06  -1.095e+06 
1.097e+06  -3.311e+06  1.876e+04  -1.095e+06  1.180e+06 

f275w filter: 
log(z) = -2.0, log(g) = 1.0
	 Damped-oscillator fit coefficients: 
1.006e+00  2.873e+00  -3.000e-01  1.534e-01  3.000e-01 
	 Covariance matrix: 
4.353e+03  -1.925e+04  6.271e+04  -6.664e+04  5.137e+03 
-1.925e+04  8.528e+04  -2.772e+05  2.946e+05  -2.278e+04 
6.271e+04  -2.772e+05  9.033e+05  -9.600e+05  7.396e+04 
-6.664e+04  2.946e+05  -9.600e+05  1.020e+06  -7.862e+04 
5.137e+03  -2.278e+04  7.396e+04  -7.862e+04  6.091e+03 

f275w filter: 
log(z) = -2.0, log(g) = 1.5
	 Damped-oscillator fit coefficients: 
1.003e+00  3.232e+00  -3.000e-01  1.796e-01  3.000e-01 
	 Covariance matrix: 
4.163e+02  -2.010e+03  1.430e+04  -1.463e+04  4.555e+02 
-2.010e+03  9.741e+03  -6.902e+04  7.063e+04  -2.212e+03 
1.430e+04  -6.902e+04  4.912e+05  -5.026e+05  1.564e+04 
-1.463e+04  7.063e+04  -5.026e+05  5.142e+05  -1.600e+04 
4.555e+02  -2.212e+03  1.564e+04  -1.600e+04  5.029e+02 

f275w filter: 
log(z) = -2.0, log(g) = 2.0
	 Damped-oscillator fit coefficients: 
1.000e+00  5.433e+00  -1.592e-01  1.527e-01  -9.667e-04 
	 Covariance matrix: 
2.700e+00  -2.465e+01  1.847e+04  -1.847e+04  3.314e-01 
-2.465e+01  2.337e+02  -1.687e+05  1.687e+05  -3.266e+00 
1.847e+04  -1.687e+05  1.264e+08  -1.264e+08  2.267e+03 
-1.847e+04  1.687e+05  -1.264e+08  1.264e+08  -2.267e+03 
3.314e-01  -3.266e+00  2.267e+03  -2.267e+03  4.908e-02 

f275w filter: 
log(z) = -2.0, log(g) = 2.5
	 Damped-oscillator fit coefficients: 
1.000e+00  5.816e+00  -1.166e-01  1.120e-01  -6.514e-03 
	 Covariance matrix: 
6.550e-01  -5.641e+00  3.982e+03  -3.982e+03  3.564e-02 
-5.641e+00  5.271e+01  -3.429e+04  3.429e+04  -3.650e-01 
3.982e+03  -3.429e+04  2.420e+07  -2.420e+07  2.166e+02 
-3.982e+03  3.429e+04  -2.420e+07  2.420e+07  -2.167e+02 
3.564e-02  -3.650e-01  2.166e+02  -2.167e+02  3.423e-03 

f275w filter: 
log(z) = -2.0, log(g) = 3.0
	 Damped-oscillator fit coefficients: 
1.127e+00  4.972e+00  -1.167e-02  1.808e-04  4.416e-03 
	 Covariance matrix: 
7.191e-01  -3.704e+00  -3.400e-02  -1.186e-03  2.403e-02 
-3.704e+00  2.055e+01  1.928e-01  5.632e-03  -1.457e-01 
-3.400e-02  1.928e-01  1.846e-03  5.023e-05  -1.490e-03 
-1.186e-03  5.632e-03  5.023e-05  2.109e-06  -3.218e-05 
2.403e-02  -1.457e-01  -1.490e-03  -3.218e-05  1.707e-03 

f275w filter: 
log(z) = -2.0, log(g) = 3.5
	 Damped-oscillator fit coefficients: 
1.271e+00  4.377e+00  -1.921e-02  7.279e-05  1.213e-02 
	 Covariance matrix: 
9.864e-01  -3.652e+00  -4.663e-02  -3.232e-04  2.747e-02 
-3.652e+00  1.435e+01  1.877e-01  1.065e-03  -1.146e-01 
-4.663e-02  1.877e-01  2.555e-03  1.283e-05  -1.689e-03 
-3.232e-04  1.065e-03  1.283e-05  1.268e-07  -6.863e-06 
2.747e-02  -1.146e-01  -1.689e-03  -6.863e-06  1.509e-03 

f275w filter: 
log(z) = -2.0, log(g) = 4.0
	 Damped-oscillator fit coefficients: 
1.348e+00  4.154e+00  -2.308e-02  5.006e-05  1.613e-02 
	 Covariance matrix: 
9.062e-01  -2.841e+00  -3.849e-02  -1.704e-04  1.843e-02 
-2.841e+00  9.525e+00  1.329e-01  4.609e-04  -6.549e-02 
-3.849e-02  1.329e-01  1.971e-03  5.746e-06  -1.077e-03 
-1.704e-04  4.609e-04  5.746e-06  4.072e-08  -2.513e-06 
1.843e-02  -6.549e-02  -1.077e-03  -2.513e-06  8.760e-04 

f275w filter: 
log(z) = -2.0, log(g) = 4.5
	 Damped-oscillator fit coefficients: 
1.379e+00  4.100e+00  -2.476e-02  4.133e-05  1.839e-02 
	 Covariance matrix: 
7.559e-01  -2.193e+00  -2.948e-02  -1.167e-04  1.104e-02 
-2.193e+00  6.905e+00  9.609e-02  2.842e-04  -3.707e-02 
-2.948e-02  9.609e-02  1.443e-03  3.462e-06  -6.371e-04 
-1.167e-04  2.842e-04  3.462e-06  2.347e-08  -1.175e-06 
1.104e-02  -3.707e-02  -6.371e-04  -1.175e-06  5.015e-04 

f275w filter: 
log(z) = -2.0, log(g) = 5.0
	 Damped-oscillator fit coefficients: 
1.354e+00  4.215e+00  -2.394e-02  4.156e-05  1.886e-02 
	 Covariance matrix: 
6.607e-01  -1.984e+00  -2.660e-02  -1.140e-04  9.302e-03 
-1.984e+00  6.514e+00  9.025e-02  2.873e-04  -3.285e-02 
-2.660e-02  9.025e-02  1.339e-03  3.541e-06  -5.618e-04 
-1.140e-04  2.873e-04  3.541e-06  2.508e-08  -1.097e-06 
9.302e-03  -3.285e-02  -5.618e-04  -1.097e-06  4.536e-04 

f300x filter: 
log(z) = -2.0, log(g) = 0.0
	 Damped-oscillator fit coefficients: 
2.723e+00  6.569e+00  -1.147e-02  -7.056e-18  6.064e-02 
	 Covariance matrix: 
2.423e-66  0.000e+00  -2.136e-65  -2.534e-50  -5.814e-66 
0.000e+00  0.000e+00  -0.000e+00  -0.000e+00  -0.000e+00 
-2.136e-65  -0.000e+00  1.883e-64  2.235e-49  5.127e-65 
-2.534e-50  -0.000e+00  2.235e-49  2.651e-34  6.082e-50 
-5.814e-66  -0.000e+00  5.127e-65  6.082e-50  1.395e-65 

f300x filter: 
log(z) = -2.0, log(g) = 0.5
	 Damped-oscillator fit coefficients: 
3.000e-01  1.289e-10  2.776e-03  2.776e-03  1.820e-02 
	 Covariance matrix: 
0.000e+00  0.000e+00  0.000e+00  0.000e+00  0.000e+00 
0.000e+00  3.344e+04  7.066e+09  7.066e+09  -1.413e+10 
0.000e+00  7.066e+09  2.874e+16  2.874e+16  -5.749e+16 
0.000e+00  7.066e+09  2.874e+16  2.874e+16  -5.749e+16 
0.000e+00  -1.413e+10  -5.749e+16  -5.749e+16  1.150e+17 

f300x filter: 
log(z) = -2.0, log(g) = 1.0
	 Damped-oscillator fit coefficients: 
9.842e-01  8.385e+00  3.465e-05  3.465e-05  8.935e-03 
	 Covariance matrix: 
4.039e-02  1.144e+01  -4.091e-04  -4.091e-04  4.883e-02 
1.144e+01  3.240e+03  -1.159e-01  -1.159e-01  1.387e+01 
-4.091e-04  -1.159e-01  4.162e-06  4.162e-06  -5.050e-04 
-4.091e-04  -1.159e-01  4.162e-06  4.162e-06  -5.050e-04 
4.883e-02  1.387e+01  -5.050e-04  -5.050e-04  6.569e-02 

f300x filter: 
log(z) = -2.0, log(g) = 1.5
	 Damped-oscillator fit coefficients: 
9.806e-01  7.304e+00  1.153e-04  1.153e-04  1.441e-03 
	 Covariance matrix: 
3.276e-02  6.781e+00  3.826e+06  -3.826e+06  3.639e-02 
6.781e+00  1.405e+03  8.356e+08  -8.356e+08  7.514e+00 
3.826e+06  8.356e+08  1.503e+16  -1.503e+16  3.452e+06 
-3.826e+06  -8.356e+08  -1.503e+16  1.503e+16  -3.452e+06 
3.639e-02  7.514e+00  3.452e+06  -3.452e+06  4.501e-02 

f300x filter: 
log(z) = -2.0, log(g) = 2.0
	 Damped-oscillator fit coefficients: 
1.127e+00  4.345e-01  -3.000e-01  1.508e-01  1.339e-01 
	 Covariance matrix: 
4.613e+07  -2.535e+07  5.424e+05  -2.106e+07  2.051e+07 
-2.535e+07  1.393e+07  -2.940e+05  1.157e+07  -1.128e+07 
5.424e+05  -2.940e+05  1.603e+04  -2.514e+05  2.354e+05 
-2.106e+07  1.157e+07  -2.514e+05  9.613e+06  -9.362e+06 
2.051e+07  -1.128e+07  2.354e+05  -9.362e+06  9.127e+06 

f300x filter: 
log(z) = -2.0, log(g) = 2.5
	 Damped-oscillator fit coefficients: 
1.121e+00  6.287e-01  -3.000e-01  1.171e-01  1.758e-01 
	 Covariance matrix: 
8.074e+04  -5.614e+04  5.046e+03  -3.835e+04  3.330e+04 
-5.614e+04  3.909e+04  -3.443e+03  2.664e+04  -2.319e+04 
5.046e+03  -3.443e+03  4.003e+02  -2.428e+03  2.028e+03 
-3.835e+04  2.664e+04  -2.428e+03  1.823e+04  -1.579e+04 
3.330e+04  -2.319e+04  2.028e+03  -1.579e+04  1.376e+04 

f300x filter: 
log(z) = -2.0, log(g) = 3.0
	 Damped-oscillator fit coefficients: 
1.002e+00  1.156e+00  -3.000e-01  2.663e-01  2.679e-02 
	 Covariance matrix: 
5.529e+02  -8.759e+02  3.147e+04  -3.152e+04  4.884e+01 
-8.759e+02  1.408e+03  -4.985e+04  4.993e+04  -7.897e+01 
3.147e+04  -4.985e+04  1.792e+06  -1.794e+06  2.779e+03 
-3.152e+04  4.993e+04  -1.794e+06  1.797e+06  -2.784e+03 
4.884e+01  -7.897e+01  2.779e+03  -2.784e+03  4.449e+00 

f300x filter: 
log(z) = -2.0, log(g) = 3.5
	 Damped-oscillator fit coefficients: 
1.001e+00  1.427e+00  -3.000e-01  2.825e-01  1.146e-02 
	 Covariance matrix: 
1.102e+02  -2.122e+02  2.240e+04  -2.240e+04  4.339e+00 
-2.122e+02  4.221e+02  -4.314e+04  4.314e+04  -8.759e+00 
2.240e+04  -4.314e+04  4.553e+06  -4.554e+06  8.820e+02 
-2.240e+04  4.314e+04  -4.554e+06  4.555e+06  -8.822e+02 
4.339e+00  -8.759e+00  8.820e+02  -8.822e+02  1.849e-01 

f300x filter: 
log(z) = -2.0, log(g) = 4.0
	 Damped-oscillator fit coefficients: 
1.000e+00  1.610e+00  -3.000e-01  2.882e-01  6.593e-03 
	 Covariance matrix: 
3.192e+01  -6.277e+01  1.357e+04  -1.357e+04  5.776e-01 
-6.277e+01  1.326e+02  -2.668e+04  2.668e+04  -1.257e+00 
1.357e+04  -2.668e+04  5.771e+06  -5.771e+06  2.455e+02 
-1.357e+04  2.668e+04  -5.771e+06  5.771e+06  -2.455e+02 
5.776e-01  -1.257e+00  2.455e+02  -2.455e+02  1.282e-02 

f300x filter: 
log(z) = -2.0, log(g) = 4.5
	 Damped-oscillator fit coefficients: 
1.000e+00  1.690e+00  -3.000e-01  2.897e-01  5.686e-03 
	 Covariance matrix: 
1.511e+01  -2.729e+01  8.475e+03  -8.475e+03  1.464e-01 
-2.729e+01  5.628e+01  -1.530e+04  1.530e+04  -3.169e-01 
8.475e+03  -1.530e+04  4.752e+06  -4.752e+06  8.206e+01 
-8.475e+03  1.530e+04  -4.752e+06  4.752e+06  -8.206e+01 
1.464e-01  -3.169e-01  8.206e+01  -8.206e+01  2.235e-03 

f300x filter: 
log(z) = -2.0, log(g) = 5.0
	 Damped-oscillator fit coefficients: 
1.000e+00  1.733e+00  -3.000e-01  2.900e-01  5.735e-03 
	 Covariance matrix: 
1.416e+01  -2.620e+01  8.937e+03  -8.937e+03  1.237e-01 
-2.620e+01  5.573e+01  -1.653e+04  1.653e+04  -2.778e-01 
8.937e+03  -1.653e+04  5.640e+06  -5.640e+06  7.806e+01 
-8.937e+03  1.653e+04  -5.640e+06  5.640e+06  -7.807e+01 
1.237e-01  -2.778e-01  7.806e+01  -7.807e+01  1.806e-03 

