f218w filter: 
log(z) = 0.0, log(g) = 0.0
	 Damped-oscillator fit coefficients: 
4.000e-01  2.243e+00  8.014e-01  5.294e-01  3.000e+00 
	 Covariance matrix: 
1.056e+03  4.639e+03  1.486e+08  -1.486e+08  6.389e+03 
4.639e+03  2.039e+04  6.436e+08  -6.436e+08  2.809e+04 
1.486e+08  6.436e+08  8.265e+13  -8.265e+13  8.809e+08 
-1.486e+08  -6.436e+08  -8.265e+13  8.265e+13  -8.809e+08 
6.389e+03  2.809e+04  8.809e+08  -8.809e+08  3.870e+04 

f218w filter: 
log(z) = 0.0, log(g) = 0.5
	 Damped-oscillator fit coefficients: 
6.483e-01  1.586e+00  2.000e+00  2.000e+00  -2.436e+00 
	 Covariance matrix: 
3.309e+00  1.934e+01  -4.324e+05  4.322e+05  1.980e+02 
1.934e+01  1.133e+02  -1.618e+06  1.617e+06  1.162e+03 
-4.324e+05  -1.618e+06  6.361e+12  -6.361e+12  -1.086e+07 
4.322e+05  1.617e+06  -6.361e+12  6.361e+12  1.085e+07 
1.980e+02  1.162e+03  -1.086e+07  1.085e+07  1.192e+04 

f218w filter: 
log(z) = 0.0, log(g) = 1.0
	 Damped-oscillator fit coefficients: 
7.473e-01  1.849e+00  1.727e+00  1.709e+00  -3.000e+00 
	 Covariance matrix: 
1.851e-01  1.272e+00  -2.445e+05  2.445e+05  1.100e+01 
1.272e+00  8.756e+00  -1.677e+06  1.677e+06  7.579e+01 
-2.445e+05  -1.677e+06  2.090e+12  -2.090e+12  -1.434e+07 
2.445e+05  1.677e+06  -2.090e+12  2.090e+12  1.434e+07 
1.100e+01  7.579e+01  -1.434e+07  1.434e+07  6.574e+02 

f218w filter: 
log(z) = 0.0, log(g) = 1.5
	 Damped-oscillator fit coefficients: 
8.268e-01  2.509e+00  5.876e-01  5.876e-01  1.519e-01 
	 Covariance matrix: 
1.792e-02  2.085e-01  3.850e+04  -3.850e+04  6.454e-01 
2.085e-01  2.432e+00  3.918e+05  -3.918e+05  7.565e+00 
3.850e+04  3.918e+05  5.874e+12  -5.874e+12  9.091e+05 
-3.850e+04  -3.918e+05  -5.874e+12  5.874e+12  -9.091e+05 
6.454e-01  7.565e+00  9.091e+05  -9.091e+05  2.372e+01 

f218w filter: 
log(z) = 0.0, log(g) = 2.0
	 Damped-oscillator fit coefficients: 
9.409e-01  6.203e+00  3.339e-03  3.339e-03  2.866e+00 
	 Covariance matrix: 
2.339e-04  1.895e-02  -7.622e-05  -7.622e-05  7.952e-04 
1.895e-02  1.812e+00  -7.504e-03  -7.504e-03  9.112e-02 
-7.622e-05  -7.504e-03  3.123e-05  3.123e-05  -3.862e-04 
-7.622e-05  -7.504e-03  3.123e-05  3.123e-05  -3.862e-04 
7.952e-04  9.112e-02  -3.862e-04  -3.862e-04  5.668e-03 

f218w filter: 
log(z) = 0.0, log(g) = 2.5
	 Damped-oscillator fit coefficients: 
9.513e-01  7.153e+00  1.075e-03  1.075e-03  2.904e+00 
	 Covariance matrix: 
1.202e-04  1.303e-02  -1.624e-05  -1.624e-05  1.437e-04 
1.303e-02  1.929e+00  -2.507e-03  -2.507e-03  3.267e-02 
-1.624e-05  -2.507e-03  3.274e-06  3.274e-06  -4.385e-05 
-1.624e-05  -2.507e-03  3.274e-06  3.274e-06  -4.385e-05 
1.437e-04  3.267e-02  -4.385e-05  -4.385e-05  1.025e-03 

f218w filter: 
log(z) = 0.0, log(g) = 3.0
	 Damped-oscillator fit coefficients: 
9.562e-01  7.558e+00  6.833e-04  6.839e-04  2.912e+00 
	 Covariance matrix: 
9.526e-05  1.176e-02  -9.221e-06  -9.221e-06  6.824e-05 
1.176e-02  2.042e+00  -1.676e-03  -1.676e-03  2.118e-02 
-9.221e-06  -1.676e-03  1.383e-06  1.383e-06  -1.808e-05 
-9.221e-06  -1.676e-03  1.383e-06  1.383e-06  -1.808e-05 
6.824e-05  2.118e-02  -1.808e-05  -1.808e-05  5.633e-04 

f218w filter: 
log(z) = 0.0, log(g) = 3.5
	 Damped-oscillator fit coefficients: 
9.588e-01  7.762e+00  5.454e-04  5.468e-04  2.916e+00 
	 Covariance matrix: 
8.683e-05  1.149e-02  -6.476e+03  6.476e+03  4.857e-05 
1.149e-02  2.146e+00  -2.990e+05  2.990e+05  1.728e-02 
-6.476e+03  -2.990e+05  6.093e+13  -6.093e+13  1.622e+03 
6.476e+03  2.990e+05  -6.093e+13  6.093e+13  -1.622e+03 
4.857e-05  1.728e-02  1.622e+03  -1.622e+03  4.295e-04 

f218w filter: 
log(z) = 0.0, log(g) = 4.0
	 Damped-oscillator fit coefficients: 
9.599e-01  7.907e+00  4.592e-04  4.592e-04  2.920e+00 
	 Covariance matrix: 
8.122e-05  1.134e-02  -5.940e-06  -5.940e-06  3.302e-05 
1.134e-02  2.270e+00  -1.246e-03  -1.246e-03  1.370e-02 
-5.940e-06  -1.246e-03  6.874e-07  6.874e-07  -7.859e-06 
-5.940e-06  -1.246e-03  6.874e-07  6.874e-07  -7.859e-06 
3.302e-05  1.370e-02  -7.859e-06  -7.859e-06  3.164e-04 

f218w filter: 
log(z) = 0.0, log(g) = 4.5
	 Damped-oscillator fit coefficients: 
9.601e-01  7.995e+00  4.090e-04  4.090e-04  2.923e+00 
	 Covariance matrix: 
9.609e-05  1.321e-02  -1.292e+04  1.292e+04  2.619e-05 
1.321e-02  2.608e+00  -1.412e+06  1.412e+06  1.144e-02 
-1.292e+04  -1.412e+06  9.900e+12  -9.900e+12  -2.580e+03 
1.292e+04  1.412e+06  -9.900e+12  9.900e+12  2.580e+03 
2.619e-05  1.144e-02  -2.580e+03  2.580e+03  2.401e-04 

f218w filter: 
log(z) = 0.0, log(g) = 5.0
	 Damped-oscillator fit coefficients: 
9.596e-01  7.964e+00  4.187e-04  4.185e-04  2.924e+00 
	 Covariance matrix: 
8.173e-05  1.153e-02  -5.496e-06  -5.496e-06  2.246e-05 
1.153e-02  2.413e+00  -1.206e-03  -1.206e-03  1.090e-02 
-5.496e-06  -1.206e-03  6.052e-07  6.052e-07  -5.685e-06 
-5.496e-06  -1.206e-03  6.052e-07  6.052e-07  -5.685e-06 
2.246e-05  1.090e-02  -5.685e-06  -5.685e-06  2.344e-04 

f225w filter: 
log(z) = 0.0, log(g) = 0.0
	 Damped-oscillator fit coefficients: 
8.971e-01  2.989e+00  6.268e-01  6.308e-01  -3.000e+00 
	 Covariance matrix: 
8.432e-01  1.777e+01  -1.789e+01  -1.789e+01  9.410e+01 
1.777e+01  3.748e+02  -3.772e+02  -3.772e+02  1.985e+03 
-1.789e+01  -3.772e+02  3.797e+02  3.797e+02  -1.999e+03 
-1.789e+01  -3.772e+02  3.797e+02  3.797e+02  -1.999e+03 
9.410e+01  1.985e+03  -1.999e+03  -1.999e+03  1.053e+04 

f225w filter: 
log(z) = 0.0, log(g) = 0.5
	 Damped-oscillator fit coefficients: 
9.685e-01  1.000e+01  3.465e-05  3.799e-05  2.546e+00 
	 Covariance matrix: 
1.635e-02  -6.904e+00  -3.356e+05  3.356e+05  -8.124e-02 
-6.904e+00  2.956e+03  1.575e+08  -1.575e+08  3.432e+01 
-3.356e+05  1.575e+08  6.551e+13  -6.551e+13  1.676e+06 
3.356e+05  -1.575e+08  -6.551e+13  6.551e+13  -1.676e+06 
-8.124e-02  3.432e+01  1.676e+06  -1.676e+06  4.053e-01 

f225w filter: 
log(z) = 0.0, log(g) = 1.0
	 Damped-oscillator fit coefficients: 
9.710e-01  1.000e+01  4.597e-04  -3.873e-04  2.546e+00 
	 Covariance matrix: 
1.227e-03  -6.672e-01  6.281e+03  -6.281e+03  -8.254e-03 
-6.672e-01  4.036e+02  -4.656e+06  4.656e+06  4.678e+00 
6.281e+03  -4.656e+06  1.260e+12  -1.260e+12  -4.866e+04 
-6.281e+03  4.656e+06  -1.260e+12  1.260e+12  4.866e+04 
-8.254e-03  4.678e+00  -4.866e+04  4.866e+04  5.743e-02 

f225w filter: 
log(z) = 0.0, log(g) = 1.5
	 Damped-oscillator fit coefficients: 
9.721e-01  1.000e+01  3.490e-05  3.560e-05  2.551e+00 
	 Covariance matrix: 
2.809e-04  -1.720e-01  1.989e+04  -1.989e+04  -2.022e-03 
-1.720e-01  1.565e+02  -1.546e+07  1.546e+07  1.549e+00 
1.989e+04  -1.546e+07  6.222e+13  -6.222e+13  -1.461e+05 
-1.989e+04  1.546e+07  -6.222e+13  6.222e+13  1.461e+05 
-2.022e-03  1.549e+00  -1.461e+05  1.461e+05  1.724e-02 

f225w filter: 
log(z) = 0.0, log(g) = 2.0
	 Damped-oscillator fit coefficients: 
4.000e-01  -8.088e-01  1.000e+00  1.000e+00  9.873e-01 
	 Covariance matrix: 
2.150e-01  1.281e+00  1.781e+00  1.781e+00  -3.486e+00 
1.281e+00  1.107e+01  1.551e+01  1.551e+01  -3.059e+01 
1.781e+00  1.551e+01  2.174e+01  2.174e+01  -4.287e+01 
1.781e+00  1.551e+01  2.174e+01  2.174e+01  -4.287e+01 
-3.486e+00  -3.059e+01  -4.287e+01  -4.287e+01  8.456e+01 

f225w filter: 
log(z) = 0.0, log(g) = 2.5
	 Damped-oscillator fit coefficients: 
9.675e-01  1.000e+01  2.692e-05  3.190e-05  2.579e+00 
	 Covariance matrix: 
1.611e-04  -6.348e-02  2.210e-06  2.210e-06  -2.295e-04 
-6.348e-02  6.069e+01  -2.077e-03  -2.077e-03  1.345e-01 
2.210e-06  -2.077e-03  7.109e-08  7.109e-08  -4.626e-06 
2.210e-06  -2.077e-03  7.109e-08  7.109e-08  -4.626e-06 
-2.295e-04  1.345e-01  -4.626e-06  -4.626e-06  6.708e-04 

f225w filter: 
log(z) = 0.0, log(g) = 3.0
	 Damped-oscillator fit coefficients: 
9.651e-01  1.000e+01  2.800e-05  2.761e-05  2.587e+00 
	 Covariance matrix: 
2.494e-04  -1.073e-01  3.400e-06  3.400e-06  -2.333e-04 
-1.073e-01  8.339e+01  -2.621e-03  -2.621e-03  1.219e-01 
3.400e-06  -2.621e-03  8.239e-08  8.239e-08  -3.841e-06 
3.400e-06  -2.621e-03  8.239e-08  8.239e-08  -3.841e-06 
-2.333e-04  1.219e-01  -3.841e-06  -3.841e-06  4.726e-04 

f225w filter: 
log(z) = 0.0, log(g) = 3.5
	 Damped-oscillator fit coefficients: 
9.628e-01  1.000e+01  2.210e-05  3.178e-05  2.593e+00 
	 Covariance matrix: 
3.604e-04  -1.680e-01  4.992e-06  4.992e-06  -2.509e-04 
-1.680e-01  1.191e+02  -3.528e-03  -3.528e-03  1.285e-01 
4.992e-06  -3.528e-03  1.045e-07  1.045e-07  -3.808e-06 
4.992e-06  -3.528e-03  1.045e-07  1.045e-07  -3.808e-06 
-2.509e-04  1.285e-01  -3.808e-06  -3.808e-06  3.946e-04 

f225w filter: 
log(z) = 0.0, log(g) = 4.0
	 Damped-oscillator fit coefficients: 
4.000e-01  -3.997e-01  4.596e-01  1.000e+00  1.128e+00 
	 Covariance matrix: 
4.392e-02  -4.847e-02  1.114e+04  -1.114e+04  3.219e-01 
-4.847e-02  5.423e-02  -9.205e+03  9.205e+03  -3.571e-01 
1.114e+04  -9.205e+03  1.274e+12  -1.274e+12  6.421e+04 
-1.114e+04  9.205e+03  -1.274e+12  1.274e+12  -6.421e+04 
3.219e-01  -3.571e-01  6.421e+04  -6.421e+04  2.379e+00 

f225w filter: 
log(z) = 0.0, log(g) = 4.5
	 Damped-oscillator fit coefficients: 
9.577e-01  1.000e+01  3.344e-05  2.024e-05  2.606e+00 
	 Covariance matrix: 
5.159e-04  -3.176e-01  8.800e-06  8.800e-06  -2.084e-04 
-3.176e-01  2.608e+02  -7.235e-03  -7.235e-03  1.316e-01 
8.800e-06  -7.235e-03  2.007e-07  2.007e-07  -3.640e-06 
8.800e-06  -7.235e-03  2.007e-07  2.007e-07  -3.640e-06 
-2.084e-04  1.316e-01  -3.640e-06  -3.640e-06  2.411e-04 

f225w filter: 
log(z) = 0.0, log(g) = 5.0
	 Damped-oscillator fit coefficients: 
4.000e-01  -2.512e-01  8.692e-01  8.696e-01  8.044e-01 
	 Covariance matrix: 
8.340e-02  -6.000e-02  6.533e+04  -6.533e+04  7.931e-01 
-6.000e-02  4.341e-02  -4.664e+04  4.664e+04  -5.713e-01 
6.533e+04  -4.664e+04  2.695e+12  -2.695e+12  7.232e+05 
-6.533e+04  4.664e+04  -2.695e+12  2.695e+12  -7.232e+05 
7.931e-01  -5.713e-01  7.232e+05  -7.232e+05  7.575e+00 

f275w filter: 
log(z) = 0.0, log(g) = 0.0
	 Damped-oscillator fit coefficients: 
9.881e-01  1.000e+01  4.513e-05  4.499e-05  1.783e+00 
	 Covariance matrix: 
1.675e-02  8.018e+00  -4.227e-04  -4.227e-04  3.539e-01 
8.018e+00  3.841e+03  -2.026e-01  -2.026e-01  1.700e+02 
-4.227e-04  -2.026e-01  1.069e-05  1.069e-05  -8.994e-03 
-4.227e-04  -2.026e-01  1.069e-05  1.069e-05  -8.994e-03 
3.539e-01  1.700e+02  -8.994e-03  -8.994e-03  7.665e+00 

f275w filter: 
log(z) = 0.0, log(g) = 0.5
	 Damped-oscillator fit coefficients: 
4.000e-01  -3.643e-01  1.797e+00  1.796e+00  -1.105e+00 
	 Covariance matrix: 
8.480e+01  -1.833e+03  -5.718e+06  5.696e+06  2.209e+04 
-1.833e+03  1.869e+05  -9.238e+08  9.261e+08  -2.231e+06 
-5.718e+06  -9.238e+08  2.252e+13  -2.253e+13  1.098e+10 
5.696e+06  9.261e+08  -2.253e+13  2.254e+13  -1.100e+10 
2.209e+04  -2.231e+06  1.098e+10  -1.100e+10  2.661e+07 

f275w filter: 
log(z) = 0.0, log(g) = 1.0
	 Damped-oscillator fit coefficients: 
4.000e-01  -3.793e-01  1.322e+00  1.322e+00  -2.871e-01 
	 Covariance matrix: 
4.465e+01  -7.698e+02  -2.960e+06  2.954e+06  6.578e+03 
-7.698e+02  5.437e+04  -7.110e+07  7.156e+07  -4.590e+05 
-2.960e+06  -7.110e+07  4.377e+12  -4.378e+12  5.915e+08 
2.954e+06  7.156e+07  -4.378e+12  4.378e+12  -5.954e+08 
6.578e+03  -4.590e+05  5.915e+08  -5.954e+08  3.876e+06 

f275w filter: 
log(z) = 0.0, log(g) = 1.5
	 Damped-oscillator fit coefficients: 
8.754e-01  5.198e+00  1.026e-03  1.026e-03  2.012e+00 
	 Covariance matrix: 
5.706e+00  7.391e+02  -8.765e-01  -8.765e-01  6.749e+00 
7.391e+02  9.647e+04  -1.144e+02  -1.144e+02  8.829e+02 
-8.765e-01  -1.144e+02  1.357e-01  1.357e-01  -1.047e+00 
-8.765e-01  -1.144e+02  1.357e-01  1.357e-01  -1.047e+00 
6.749e+00  8.829e+02  -1.047e+00  -1.047e+00  8.087e+00 

f275w filter: 
log(z) = 0.0, log(g) = 2.0
	 Damped-oscillator fit coefficients: 
4.000e-01  -5.366e-01  3.726e-01  3.726e-01  1.372e+00 
	 Covariance matrix: 
2.294e+00  -1.370e+01  8.671e+05  -8.672e+05  2.414e+01 
-1.370e+01  3.733e+02  -4.511e+06  4.512e+06  -6.280e+02 
8.671e+05  -4.511e+06  2.617e+13  -2.617e+13  8.322e+06 
-8.672e+05  4.512e+06  -2.617e+13  2.617e+13  -8.323e+06 
2.414e+01  -6.280e+02  8.322e+06  -8.323e+06  1.057e+03 

f275w filter: 
log(z) = 0.0, log(g) = 2.5
	 Damped-oscillator fit coefficients: 
4.000e-01  -8.481e-01  1.424e-01  1.424e-01  1.782e+00 
	 Covariance matrix: 
4.114e-01  -2.246e+00  -7.253e+05  7.253e+05  9.373e-01 
-2.246e+00  3.048e+01  5.981e+06  -5.981e+06  -1.203e+01 
-7.253e+05  5.981e+06  4.779e+13  -4.779e+13  -2.378e+06 
7.253e+05  -5.981e+06  -4.779e+13  4.779e+13  2.378e+06 
9.373e-01  -1.203e+01  -2.378e+06  2.378e+06  4.765e+00 

f275w filter: 
log(z) = 0.0, log(g) = 3.0
	 Damped-oscillator fit coefficients: 
4.000e-01  -9.082e-01  1.178e-01  1.182e-01  1.823e+00 
	 Covariance matrix: 
2.487e-01  -6.433e-01  4.307e+05  -4.307e+05  2.307e-01 
-6.433e-01  1.883e+00  -1.257e+06  1.257e+06  -6.517e-01 
4.307e+05  -1.257e+06  1.297e+13  -1.297e+13  3.967e+05 
-4.307e+05  1.257e+06  -1.297e+13  1.297e+13  -3.967e+05 
2.307e-01  -6.517e-01  3.967e+05  -3.967e+05  2.313e-01 

f275w filter: 
log(z) = 0.0, log(g) = 3.5
	 Damped-oscillator fit coefficients: 
4.000e-01  -5.942e-01  1.676e-01  1.677e-01  1.716e+00 
	 Covariance matrix: 
3.900e-01  -6.569e-01  -3.038e-01  -3.038e-01  6.031e-01 
-6.569e-01  1.151e+00  5.210e-01  5.210e-01  -1.037e+00 
-3.038e-01  5.210e-01  2.412e-01  2.412e-01  -4.788e-01 
-3.038e-01  5.210e-01  2.412e-01  2.412e-01  -4.788e-01 
6.031e-01  -1.037e+00  -4.788e-01  -4.788e-01  9.509e-01 

f275w filter: 
log(z) = 0.0, log(g) = 4.0
	 Damped-oscillator fit coefficients: 
4.000e-01  -3.655e-01  2.315e-01  2.320e-01  1.575e+00 
	 Covariance matrix: 
6.932e-01  -7.324e-01  -1.321e+05  1.321e+05  1.666e+00 
-7.324e-01  7.838e-01  1.079e+05  -1.079e+05  -1.768e+00 
-1.321e+05  1.079e+05  5.395e+12  -5.395e+12  -3.091e+05 
1.321e+05  -1.079e+05  -5.395e+12  5.395e+12  3.091e+05 
1.666e+00  -1.768e+00  -3.091e+05  3.091e+05  4.028e+00 

f275w filter: 
log(z) = 0.0, log(g) = 4.5
	 Damped-oscillator fit coefficients: 
4.000e-01  -2.425e-01  2.794e-01  2.806e-01  1.469e+00 
	 Covariance matrix: 
1.079e+00  -7.688e-01  2.027e+05  -2.027e+05  3.327e+00 
-7.688e-01  5.509e-01  -1.244e+05  1.244e+05  -2.372e+00 
2.027e+05  -1.244e+05  9.493e+12  -9.493e+12  6.970e+05 
-2.027e+05  1.244e+05  -9.493e+12  9.493e+12  -6.970e+05 
3.327e+00  -2.372e+00  6.970e+05  -6.970e+05  1.028e+01 

f275w filter: 
log(z) = 0.0, log(g) = 5.0
	 Damped-oscillator fit coefficients: 
4.000e-01  -2.341e-01  2.831e-01  2.829e-01  1.462e+00 
	 Covariance matrix: 
1.138e+00  -7.837e-01  4.284e+05  -4.284e+05  3.554e+00 
-7.837e-01  5.429e-01  -2.843e+05  2.843e+05  -2.451e+00 
4.284e+05  -2.843e+05  1.164e+13  -1.164e+13  1.298e+06 
-4.284e+05  2.843e+05  -1.164e+13  1.164e+13  -1.298e+06 
3.554e+00  -2.451e+00  1.298e+06  -1.298e+06  1.114e+01 

