f218w filter: 
log(z) = -1.0, log(g) = 0.0
	 Damped-oscillator fit coefficients: 
6.366e-01  5.629e-01  -3.341e-04  3.341e-04  -1.000e+00 
	 Covariance matrix: 
0.000e+00  0.000e+00  0.000e+00  0.000e+00  0.000e+00 
0.000e+00  5.974e-03  -4.157e+05  4.157e+05  -1.915e-01 
0.000e+00  -4.157e+05  2.892e+13  -2.892e+13  1.333e+07 
0.000e+00  4.157e+05  -2.892e+13  2.892e+13  -1.333e+07 
0.000e+00  -1.915e-01  1.333e+07  -1.333e+07  2.773e+01 

f218w filter: 
log(z) = -1.0, log(g) = 0.5
	 Damped-oscillator fit coefficients: 
5.726e-01  3.560e-01  9.955e-10  -9.955e-10  -1.000e+00 
	 Covariance matrix: 
0.000e+00  0.000e+00  0.000e+00  0.000e+00  0.000e+00 
0.000e+00  4.088e-04  1.251e+05  -1.251e+05  -3.138e-02 
0.000e+00  1.251e+05  3.827e+13  -3.827e+13  -9.603e+06 
0.000e+00  -1.251e+05  -3.827e+13  3.827e+13  9.603e+06 
0.000e+00  -3.138e-02  -9.603e+06  9.603e+06  8.010e+00 

f218w filter: 
log(z) = -1.0, log(g) = 1.0
	 Damped-oscillator fit coefficients: 
5.653e-01  3.429e-01  -5.197e-10  5.197e-10  -1.000e+00 
	 Covariance matrix: 
0.000e+00  0.000e+00  0.000e+00  0.000e+00  0.000e+00 
0.000e+00  6.446e-04  -1.316e+05  1.316e+05  2.682e-02 
0.000e+00  -1.316e+05  2.685e+13  -2.685e+13  -5.474e+06 
0.000e+00  1.316e+05  -2.685e+13  2.685e+13  5.474e+06 
0.000e+00  2.682e-02  -5.474e+06  5.474e+06  4.209e+00 

f218w filter: 
log(z) = -1.0, log(g) = 1.5
	 Damped-oscillator fit coefficients: 
4.859e-01  1.991e-01  -1.872e-09  -2.032e-09  -1.000e+00 
	 Covariance matrix: 
1.015e+13  1.015e+13  5.006e+05  4.873e+05  -1.035e+06 
1.015e+13  1.015e+13  5.006e+05  4.873e+05  -1.035e+06 
5.006e+05  5.006e+05  1.217e+00  1.216e+00  -2.607e+00 
4.873e+05  4.873e+05  1.216e+00  1.216e+00  -2.606e+00 
-1.035e+06  -1.035e+06  -2.607e+00  -2.606e+00  5.584e+00 

f218w filter: 
log(z) = -1.0, log(g) = 2.0
	 Damped-oscillator fit coefficients: 
5.839e-01  1.971e-01  -4.145e-10  4.145e-10  -1.000e+00 
	 Covariance matrix: 
0.000e+00  0.000e+00  0.000e+00  0.000e+00  0.000e+00 
0.000e+00  2.742e-07  1.331e+03  -1.331e+03  5.239e-05 
0.000e+00  1.331e+03  6.465e+12  -6.465e+12  2.544e+05 
0.000e+00  -1.331e+03  -6.465e+12  6.465e+12  -2.544e+05 
0.000e+00  5.239e-05  2.544e+05  -2.544e+05  6.057e-01 

f218w filter: 
log(z) = -1.0, log(g) = 2.5
	 Damped-oscillator fit coefficients: 
8.036e-01  1.641e+00  -6.764e-13  3.619e-13  -1.000e+00 
	 Covariance matrix: 
0.000e+00  0.000e+00  0.000e+00  0.000e+00  0.000e+00 
0.000e+00  2.660e-07  8.632e+02  -8.632e+02  2.955e-06 
0.000e+00  8.632e+02  2.800e+12  -2.800e+12  9.586e+03 
0.000e+00  -8.632e+02  -2.800e+12  2.800e+12  -9.586e+03 
0.000e+00  2.955e-06  9.586e+03  -9.586e+03  3.885e-03 

f218w filter: 
log(z) = -1.0, log(g) = 3.0
	 Damped-oscillator fit coefficients: 
8.538e-01  1.887e+00  -5.947e-12  5.947e-12  -1.000e+00 
	 Covariance matrix: 
0.000e+00  0.000e+00  0.000e+00  0.000e+00  0.000e+00 
0.000e+00  4.785e-06  -6.745e+03  6.745e+03  7.883e-06 
0.000e+00  -6.745e+03  9.508e+12  -9.508e+12  -1.111e+04 
0.000e+00  6.745e+03  -9.508e+12  9.508e+12  1.111e+04 
0.000e+00  7.883e-06  -1.111e+04  1.111e+04  1.037e-03 

f218w filter: 
log(z) = -1.0, log(g) = 3.5
	 Damped-oscillator fit coefficients: 
8.641e-01  4.646e+00  -1.159e-12  1.159e-12  -1.000e+00 
	 Covariance matrix: 
0.000e+00  0.000e+00  0.000e+00  0.000e+00  0.000e+00 
0.000e+00  1.546e-02  2.531e+05  -2.531e+05  1.884e-04 
0.000e+00  2.531e+05  4.145e+12  -4.145e+12  3.084e+03 
0.000e+00  -2.531e+05  -4.145e+12  4.145e+12  -3.084e+03 
0.000e+00  1.884e-04  3.084e+03  -3.084e+03  2.160e-04 

f218w filter: 
log(z) = -1.0, log(g) = 4.0
	 Damped-oscillator fit coefficients: 
8.673e-01  1.976e+00  2.104e-11  -2.113e-11  -1.000e+00 
	 Covariance matrix: 
0.000e+00  0.000e+00  0.000e+00  0.000e+00  0.000e+00 
0.000e+00  2.482e-07  -8.263e+02  8.263e+02  8.994e-07 
0.000e+00  -8.263e+02  2.751e+12  -2.751e+12  -2.994e+03 
0.000e+00  8.263e+02  -2.751e+12  2.751e+12  2.994e+03 
0.000e+00  8.994e-07  -2.994e+03  2.994e+03  4.289e-04 

f218w filter: 
log(z) = -1.0, log(g) = 4.5
	 Damped-oscillator fit coefficients: 
8.699e-01  1.995e+00  2.357e-12  -2.360e-12  -1.000e+00 
	 Covariance matrix: 
0.000e+00  0.000e+00  0.000e+00  0.000e+00  0.000e+00 
0.000e+00  9.303e-07  -1.460e+03  1.460e+03  7.794e-07 
0.000e+00  -1.460e+03  2.291e+12  -2.291e+12  -1.223e+03 
0.000e+00  1.460e+03  -2.291e+12  2.291e+12  1.223e+03 
0.000e+00  7.794e-07  -1.223e+03  1.223e+03  2.974e-04 

f218w filter: 
log(z) = -1.0, log(g) = 5.0
	 Damped-oscillator fit coefficients: 
8.701e-01  1.996e+00  1.122e-11  -1.122e-11  -1.000e+00 
	 Covariance matrix: 
0.000e+00  0.000e+00  0.000e+00  0.000e+00  0.000e+00 
0.000e+00  7.904e-06  -3.825e+03  3.825e+03  3.856e-06 
0.000e+00  -3.825e+03  1.851e+12  -1.851e+12  -1.866e+03 
0.000e+00  3.825e+03  -1.851e+12  1.851e+12  1.866e+03 
0.000e+00  3.856e-06  -1.866e+03  1.866e+03  2.899e-04 

f225w filter: 
log(z) = -1.0, log(g) = 0.0
	 Damped-oscillator fit coefficients: 
9.890e-01  1.000e+01  -1.409e-04  -1.322e-04  3.000e-01 
	 Covariance matrix: 
1.808e-03  8.961e-01  1.575e+05  -1.575e+05  -1.156e-01 
8.961e-01  4.442e+02  7.477e+07  -7.477e+07  -5.737e+01 
1.575e+05  7.477e+07  1.053e+15  -1.053e+15  -6.438e+06 
-1.575e+05  -7.477e+07  -1.053e+15  1.053e+15  6.438e+06 
-1.156e-01  -5.737e+01  -6.438e+06  6.438e+06  7.562e+00 

f225w filter: 
log(z) = -1.0, log(g) = 0.5
	 Damped-oscillator fit coefficients: 
9.887e-01  1.000e+01  -6.357e-05  -6.925e-05  1.119e-01 
	 Covariance matrix: 
3.658e-04  1.702e-01  1.550e+05  -1.550e+05  -5.716e-03 
1.702e-01  7.923e+01  6.873e+07  -6.873e+07  -2.673e+00 
1.550e+05  6.873e+07  2.921e+15  -2.921e+15  -2.447e+05 
-1.550e+05  -6.873e+07  -2.921e+15  2.921e+15  2.447e+05 
-5.716e-03  -2.673e+00  -2.447e+05  2.447e+05  1.004e-01 

f225w filter: 
log(z) = -1.0, log(g) = 1.0
	 Damped-oscillator fit coefficients: 
2.995e+00  6.752e+00  2.400e-02  2.273e-19  -6.674e-02 
	 Covariance matrix: 
1.362e-73  -0.000e+00  2.179e-73  4.186e-56  6.456e-74 
-0.000e+00  0.000e+00  -0.000e+00  -0.000e+00  -0.000e+00 
2.179e-73  -0.000e+00  3.485e-73  6.695e-56  1.033e-73 
4.186e-56  -0.000e+00  6.695e-56  1.286e-38  1.984e-56 
6.456e-74  -0.000e+00  1.033e-73  1.984e-56  3.059e-74 

f225w filter: 
log(z) = -1.0, log(g) = 1.5
	 Damped-oscillator fit coefficients: 
1.081e+00  1.179e+00  -3.000e-01  1.361e-01  4.190e-02 
	 Covariance matrix: 
3.016e+06  -5.792e+06  -6.823e+04  -2.039e+06  2.141e+06 
-5.792e+06  1.112e+07  1.329e+05  3.915e+06  -4.113e+06 
-6.823e+04  1.329e+05  3.980e+03  4.525e+04  -5.013e+04 
-2.039e+06  3.915e+06  4.525e+04  1.379e+06  -1.447e+06 
2.141e+06  -4.113e+06  -5.013e+04  -1.447e+06  1.521e+06 

f225w filter: 
log(z) = -1.0, log(g) = 2.0
	 Damped-oscillator fit coefficients: 
1.054e+00  1.869e+00  -3.000e-01  8.950e-02  2.289e-01 
	 Covariance matrix: 
1.751e+02  -4.122e+02  7.542e+01  -1.890e+02  1.153e+02 
-4.122e+02  9.764e+02  -1.742e+02  4.439e+02  -2.739e+02 
7.542e+01  -1.742e+02  3.446e+01  -8.209e+01  4.821e+01 
-1.890e+02  4.439e+02  -8.209e+01  2.043e+02  -1.240e+02 
1.153e+02  -2.739e+02  4.821e+01  -1.240e+02  7.701e+01 

f225w filter: 
log(z) = -1.0, log(g) = 2.5
	 Damped-oscillator fit coefficients: 
1.001e+00  2.816e+00  -3.000e-01  2.481e-01  3.716e-02 
	 Covariance matrix: 
4.558e+00  -1.848e+01  5.885e+02  -5.893e+02  7.764e-01 
-1.848e+01  7.699e+01  -2.385e+03  2.389e+03  -3.295e+00 
5.885e+02  -2.385e+03  7.597e+04  -7.607e+04  1.002e+02 
-5.893e+02  2.389e+03  -7.607e+04  7.618e+04  -1.003e+02 
7.764e-01  -3.295e+00  1.002e+02  -1.003e+02  1.453e-01 

f225w filter: 
log(z) = -1.0, log(g) = 3.0
	 Damped-oscillator fit coefficients: 
1.000e+00  3.263e+00  -3.000e-01  2.702e-01  7.448e-03 
	 Covariance matrix: 
9.858e-01  -4.510e+00  4.790e+02  -4.791e+02  6.016e-02 
-4.510e+00  2.185e+01  -2.191e+03  2.191e+03  -3.078e-01 
4.790e+02  -2.191e+03  2.328e+05  -2.328e+05  2.922e+01 
-4.791e+02  2.191e+03  -2.328e+05  2.329e+05  -2.922e+01 
6.016e-02  -3.078e-01  2.922e+01  -2.922e+01  5.384e-03 

f225w filter: 
log(z) = -1.0, log(g) = 3.5
	 Damped-oscillator fit coefficients: 
1.000e+00  3.391e+00  -3.000e-01  2.729e-01  4.321e-03 
	 Covariance matrix: 
5.949e-01  -2.747e+00  3.678e+02  -3.678e+02  2.326e-02 
-2.747e+00  1.367e+01  -1.698e+03  1.698e+03  -1.258e-01 
3.678e+02  -1.698e+03  2.274e+05  -2.274e+05  1.437e+01 
-3.678e+02  1.698e+03  -2.274e+05  2.274e+05  -1.438e+01 
2.326e-02  -1.258e-01  1.437e+01  -1.438e+01  1.827e-03 

f225w filter: 
log(z) = -1.0, log(g) = 4.0
	 Damped-oscillator fit coefficients: 
1.000e+00  3.446e+00  -3.000e-01  2.746e-01  2.355e-03 
	 Covariance matrix: 
4.468e-01  -2.039e+00  3.169e+02  -3.169e+02  1.044e-02 
-2.039e+00  1.017e+01  -1.446e+03  1.446e+03  -5.848e-02 
3.169e+02  -1.446e+03  2.248e+05  -2.248e+05  7.399e+00 
-3.169e+02  1.446e+03  -2.248e+05  2.248e+05  -7.400e+00 
1.044e-02  -5.848e-02  7.399e+00  -7.400e+00  7.697e-04 

f225w filter: 
log(z) = -1.0, log(g) = 4.5
	 Damped-oscillator fit coefficients: 
1.000e+00  3.469e+00  -3.000e-01  2.757e-01  1.476e-03 
	 Covariance matrix: 
4.022e-01  -1.819e+00  3.125e+02  -3.125e+02  6.037e-03 
-1.819e+00  9.060e+00  -1.413e+03  1.413e+03  -3.457e-02 
3.125e+02  -1.413e+03  2.428e+05  -2.428e+05  4.688e+00 
-3.125e+02  1.413e+03  -2.428e+05  2.429e+05  -4.688e+00 
6.037e-03  -3.457e-02  4.688e+00  -4.688e+00  4.342e-04 

f225w filter: 
log(z) = -1.0, log(g) = 5.0
	 Damped-oscillator fit coefficients: 
1.000e+00  3.543e+00  -3.000e-01  2.773e-01  1.369e-03 
	 Covariance matrix: 
4.136e-01  -1.934e+00  3.906e+02  -3.907e+02  5.727e-03 
-1.934e+00  9.929e+00  -1.826e+03  1.827e+03  -3.397e-02 
3.906e+02  -1.826e+03  3.690e+05  -3.690e+05  5.406e+00 
-3.907e+02  1.827e+03  -3.690e+05  3.690e+05  -5.406e+00 
5.727e-03  -3.397e-02  5.406e+00  -5.406e+00  4.078e-04 

f275w filter: 
log(z) = -1.0, log(g) = 0.0
	 Damped-oscillator fit coefficients: 
1.194e+00  1.000e+01  1.582e-03  -1.531e-09  -2.187e-01 
	 Covariance matrix: 
6.629e+03  -6.296e+04  1.421e+02  1.306e-04  -2.544e+03 
-6.296e+04  5.999e+05  -1.352e+03  -1.234e-03  2.426e+04 
1.421e+02  -1.352e+03  3.050e+00  2.792e-06  -5.466e+01 
1.306e-04  -1.234e-03  2.792e-06  2.592e-12  -4.979e-05 
-2.544e+03  2.426e+04  -5.466e+01  -4.979e-05  9.813e+02 

f275w filter: 
log(z) = -1.0, log(g) = 0.5
	 Damped-oscillator fit coefficients: 
9.895e-01  1.000e+01  -7.458e-03  7.517e-03  -1.062e-01 
	 Covariance matrix: 
2.442e-03  1.243e+00  -1.288e+04  1.288e+04  1.605e-02 
1.243e+00  6.328e+02  -6.586e+06  6.586e+06  8.159e+00 
-1.288e+04  -6.586e+06  2.096e+11  -2.096e+11  -6.200e+04 
1.288e+04  6.586e+06  -2.096e+11  2.096e+11  6.200e+04 
1.605e-02  8.159e+00  -6.200e+04  6.200e+04  1.176e-01 

f275w filter: 
log(z) = -1.0, log(g) = 1.0
	 Damped-oscillator fit coefficients: 
1.058e+00  1.692e+00  -3.000e-01  8.274e-02  2.151e-01 
	 Covariance matrix: 
5.163e+05  -1.253e+06  1.083e+04  -4.457e+05  4.609e+05 
-1.253e+06  3.042e+06  -2.525e+04  1.081e+06  -1.119e+06 
1.083e+04  -2.525e+04  9.790e+02  -9.576e+03  9.025e+03 
-4.457e+05  1.081e+06  -9.576e+03  3.848e+05  -3.977e+05 
4.609e+05  -1.119e+06  9.025e+03  -3.977e+05  4.120e+05 

f275w filter: 
log(z) = -1.0, log(g) = 1.5
	 Damped-oscillator fit coefficients: 
1.022e+00  2.327e+00  -3.000e-01  1.046e-01  3.000e-01 
	 Covariance matrix: 
6.208e+03  -2.054e+04  1.398e+04  -1.965e+04  6.466e+03 
-2.054e+04  6.808e+04  -4.618e+04  6.499e+04  -2.145e+04 
1.398e+04  -4.618e+04  3.152e+04  -4.426e+04  1.453e+04 
-1.965e+04  6.499e+04  -4.426e+04  6.221e+04  -2.045e+04 
6.466e+03  -2.145e+04  1.453e+04  -2.045e+04  6.763e+03 

f275w filter: 
log(z) = -1.0, log(g) = 2.0
	 Damped-oscillator fit coefficients: 
1.000e+00  4.062e+00  -2.974e-01  2.787e-01  1.632e-02 
	 Covariance matrix: 
9.783e+00  -6.001e+01  3.050e+04  -3.050e+04  1.527e+00 
-6.001e+01  3.794e+02  -1.871e+05  1.871e+05  -9.891e+00 
3.050e+04  -1.871e+05  9.510e+07  -9.510e+07  4.762e+03 
-3.050e+04  1.871e+05  -9.510e+07  9.510e+07  -4.762e+03 
1.527e+00  -9.891e+00  4.762e+03  -4.762e+03  2.663e-01 

f275w filter: 
log(z) = -1.0, log(g) = 2.5
	 Damped-oscillator fit coefficients: 
1.000e+00  4.650e+00  -2.566e-01  2.466e-01  -1.567e-03 
	 Covariance matrix: 
1.498e+00  -9.405e+00  1.275e+04  -1.275e+04  8.880e-02 
-9.405e+00  6.357e+01  -7.999e+04  7.999e+04  -6.426e-01 
1.275e+04  -7.999e+04  1.084e+08  -1.084e+08  7.553e+02 
-1.275e+04  7.999e+04  -1.084e+08  1.084e+08  -7.553e+02 
8.880e-02  -6.426e-01  7.553e+02  -7.553e+02  7.789e-03 

f275w filter: 
log(z) = -1.0, log(g) = 3.0
	 Damped-oscillator fit coefficients: 
1.000e+00  4.647e+00  -2.741e-01  2.630e-01  2.915e-03 
	 Covariance matrix: 
6.620e-01  -3.438e+00  5.664e+03  -5.664e+03  2.058e-02 
-3.438e+00  2.021e+01  -2.941e+04  2.941e+04  -1.375e-01 
5.664e+03  -2.941e+04  4.846e+07  -4.846e+07  1.760e+02 
-5.664e+03  2.941e+04  -4.846e+07  4.846e+07  -1.760e+02 
2.058e-02  -1.375e-01  1.760e+02  -1.760e+02  1.603e-03 

f275w filter: 
log(z) = -1.0, log(g) = 3.5
	 Damped-oscillator fit coefficients: 
1.000e+00  4.585e+00  -2.167e-01  2.042e-01  7.616e-03 
	 Covariance matrix: 
4.766e-01  -2.245e+00  1.505e+03  -1.505e+03  1.123e-02 
-2.245e+00  1.230e+01  -7.085e+03  7.085e+03  -7.219e-02 
1.505e+03  -7.085e+03  4.750e+06  -4.750e+06  3.545e+01 
-1.505e+03  7.085e+03  -4.750e+06  4.750e+06  -3.545e+01 
1.123e-02  -7.219e-02  3.545e+01  -3.545e+01  9.249e-04 

f275w filter: 
log(z) = -1.0, log(g) = 4.0
	 Damped-oscillator fit coefficients: 
1.015e+00  4.430e+00  -2.126e-02  6.326e-03  1.216e-02 
	 Covariance matrix: 
4.153e-01  -1.700e+00  1.217e-01  -1.430e-01  6.934e-03 
-1.700e+00  8.265e+00  -4.685e-01  5.744e-01  -4.010e-02 
1.217e-01  -4.685e-01  3.635e-02  -4.217e-02  1.700e-03 
-1.430e-01  5.744e-01  -4.217e-02  4.936e-02  -2.276e-03 
6.934e-03  -4.010e-02  1.700e-03  -2.276e-03  5.583e-04 

f275w filter: 
log(z) = -1.0, log(g) = 4.5
	 Damped-oscillator fit coefficients: 
1.058e+00  4.194e+00  -2.064e-02  2.014e-03  1.602e-02 
	 Covariance matrix: 
4.308e-01  -1.496e+00  -5.024e-03  -1.577e-02  5.352e-03 
-1.496e+00  6.226e+00  3.727e-02  5.163e-02  -2.606e-02 
-5.024e-03  3.727e-02  4.793e-04  1.212e-04  -2.648e-04 
-1.577e-02  5.163e-02  1.212e-04  5.869e-04  -1.705e-04 
5.352e-03  -2.606e-02  -2.648e-04  -1.705e-04  3.831e-04 

f275w filter: 
log(z) = -1.0, log(g) = 5.0
	 Damped-oscillator fit coefficients: 
1.073e+00  4.210e+00  -2.024e-02  1.436e-03  1.697e-02 
	 Covariance matrix: 
4.380e-01  -1.484e+00  -1.105e-02  -9.735e-03  5.305e-03 
-1.484e+00  6.035e+00  5.591e-02  3.071e-02  -2.513e-02 
-1.105e-02  5.591e-02  6.552e-04  2.026e-04  -3.226e-04 
-9.735e-03  3.071e-02  2.026e-04  2.216e-04  -1.001e-04 
5.305e-03  -2.513e-02  -3.226e-04  -1.001e-04  3.715e-04 

f300x filter: 
log(z) = -1.0, log(g) = 0.0
	 Damped-oscillator fit coefficients: 
2.744e+00  6.520e+00  -1.830e-02  -8.406e-18  6.129e-02 
	 Covariance matrix: 
3.112e-66  0.000e+00  -2.180e-65  -2.787e-50  -6.038e-66 
0.000e+00  0.000e+00  -0.000e+00  -0.000e+00  -0.000e+00 
-2.180e-65  -0.000e+00  1.527e-64  1.952e-49  4.229e-65 
-2.787e-50  -0.000e+00  1.952e-49  2.496e-34  5.407e-50 
-6.038e-66  -0.000e+00  4.229e-65  5.407e-50  1.171e-65 

f300x filter: 
log(z) = -1.0, log(g) = 0.5
	 Damped-oscillator fit coefficients: 
1.968e+00  9.108e+00  -2.476e-03  -1.732e-17  3.322e-02 
	 Covariance matrix: 
1.362e-10  6.681e-11  3.975e-08  -3.470e-22  4.360e-09 
6.681e-11  3.279e-11  1.951e-08  -1.703e-22  2.139e-09 
3.975e-08  1.951e-08  1.161e-05  -1.013e-19  1.273e-06 
-3.470e-22  -1.703e-22  -1.013e-19  3.967e-33  -1.111e-20 
4.360e-09  2.139e-09  1.273e-06  -1.111e-20  1.396e-07 

f300x filter: 
log(z) = -1.0, log(g) = 1.0
	 Damped-oscillator fit coefficients: 
1.673e+00  4.110e+00  6.189e-03  -7.375e-08  -3.876e-04 
	 Covariance matrix: 
8.983e+05  -2.484e+06  1.527e+04  7.083e-02  -2.029e+04 
-2.484e+06  6.877e+06  -4.227e+04  -1.946e-01  5.618e+04 
1.527e+04  -4.227e+04  2.599e+02  1.195e-03  -3.454e+02 
7.083e-02  -1.946e-01  1.195e-03  5.899e-09  -1.582e-03 
-2.029e+04  5.618e+04  -3.454e+02  -1.582e-03  4.593e+02 

f300x filter: 
log(z) = -1.0, log(g) = 1.5
	 Damped-oscillator fit coefficients: 
9.431e-01  4.172e+00  1.543e-03  1.544e-03  -1.285e-02 
	 Covariance matrix: 
2.692e+00  1.177e+02  6.427e+06  -6.427e+06  1.547e+00 
1.177e+02  5.147e+03  2.519e+08  -2.519e+08  6.768e+01 
6.427e+06  2.519e+08  1.416e+16  -1.416e+16  6.106e+06 
-6.427e+06  -2.519e+08  -1.416e+16  1.416e+16  -6.106e+06 
1.547e+00  6.768e+01  6.106e+06  -6.106e+06  9.198e-01 

f300x filter: 
log(z) = -1.0, log(g) = 2.0
	 Damped-oscillator fit coefficients: 
9.513e-01  4.305e+00  6.591e-03  -3.790e-03  -1.483e-02 
	 Covariance matrix: 
1.238e-01  6.933e+00  -4.565e+06  4.565e+06  4.358e-02 
6.933e+00  3.923e+02  -2.813e+08  2.813e+08  2.406e+00 
-4.565e+06  -2.813e+08  2.825e+15  -2.825e+15  -1.294e+06 
4.565e+06  2.813e+08  -2.825e+15  2.825e+15  1.294e+06 
4.358e-02  2.406e+00  -1.294e+06  1.294e+06  1.766e-02 

f300x filter: 
log(z) = -1.0, log(g) = 2.5
	 Damped-oscillator fit coefficients: 
1.133e+00  4.858e-01  -3.000e-01  1.175e-01  1.745e-01 
	 Covariance matrix: 
6.450e+05  -3.379e+05  1.170e+04  -2.717e+05  2.600e+05 
-3.379e+05  1.771e+05  -5.901e+03  1.423e+05  -1.364e+05 
1.170e+04  -5.901e+03  5.863e+02  -5.068e+03  4.481e+03 
-2.717e+05  1.423e+05  -5.068e+03  1.145e+05  -1.095e+05 
2.600e+05  -1.364e+05  4.481e+03  -1.095e+05  1.050e+05 

f300x filter: 
log(z) = -1.0, log(g) = 3.0
	 Damped-oscillator fit coefficients: 
1.014e+00  7.262e-01  -3.000e-01  2.223e-01  6.974e-02 
	 Covariance matrix: 
4.813e+03  -4.152e+03  3.948e+04  -4.035e+04  8.722e+02 
-4.152e+03  3.607e+03  -3.403e+04  3.479e+04  -7.591e+02 
3.948e+04  -3.403e+04  3.239e+05  -3.310e+05  7.148e+03 
-4.035e+04  3.479e+04  -3.310e+05  3.383e+05  -7.308e+03 
8.722e+02  -7.591e+02  7.148e+03  -7.308e+03  1.598e+02 

f300x filter: 
log(z) = -1.0, log(g) = 3.5
	 Damped-oscillator fit coefficients: 
1.002e+00  1.098e+00  -3.000e-01  2.742e-01  1.881e-02 
	 Covariance matrix: 
3.855e+02  -5.128e+02  3.611e+04  -3.613e+04  2.143e+01 
-5.128e+02  6.983e+02  -4.803e+04  4.805e+04  -2.938e+01 
3.611e+04  -4.803e+04  3.383e+06  -3.385e+06  2.007e+03 
-3.613e+04  4.805e+04  -3.385e+06  3.387e+06  -2.008e+03 
2.143e+01  -2.938e+01  2.007e+03  -2.008e+03  1.243e+00 

f300x filter: 
log(z) = -1.0, log(g) = 4.0
	 Damped-oscillator fit coefficients: 
1.000e+00  1.348e+00  -3.000e-01  2.856e-01  8.389e-03 
	 Covariance matrix: 
7.220e+01  -1.051e+02  2.138e+04  -2.138e+04  1.579e+00 
-1.051e+02  1.633e+02  -3.111e+04  3.111e+04  -2.493e+00 
2.138e+04  -3.111e+04  6.330e+06  -6.330e+06  4.675e+02 
-2.138e+04  3.111e+04  -6.330e+06  6.331e+06  -4.675e+02 
1.579e+00  -2.493e+00  4.675e+02  -4.675e+02  3.918e-02 

f300x filter: 
log(z) = -1.0, log(g) = 4.5
	 Damped-oscillator fit coefficients: 
1.000e+00  1.466e+00  -3.000e-01  2.883e-01  6.387e-03 
	 Covariance matrix: 
2.694e+01  -3.561e+01  1.232e+04  -1.232e+04  2.955e-01 
-3.561e+01  5.463e+01  -1.628e+04  1.628e+04  -4.623e-01 
1.232e+04  -1.628e+04  5.634e+06  -5.634e+06  1.351e+02 
-1.232e+04  1.628e+04  -5.634e+06  5.634e+06  -1.351e+02 
2.955e-01  -4.623e-01  1.351e+02  -1.351e+02  4.406e-03 

f300x filter: 
log(z) = -1.0, log(g) = 5.0
	 Damped-oscillator fit coefficients: 
1.000e+00  1.528e+00  -3.000e-01  2.887e-01  6.256e-03 
	 Covariance matrix: 
2.352e+01  -3.202e+01  1.256e+04  -1.256e+04  2.263e-01 
-3.202e+01  5.146e+01  -1.709e+04  1.709e+04  -3.720e-01 
1.256e+04  -1.709e+04  6.705e+06  -6.705e+06  1.208e+02 
-1.256e+04  1.709e+04  -6.705e+06  6.705e+06  -1.208e+02 
2.263e-01  -3.720e-01  1.208e+02  -1.208e+02  3.141e-03 

