f218w filter: 
log(z) = 0.5, log(g) = 0.0
	 Damped-oscillator fit coefficients: 
4.000e-01  2.406e+00  4.595e-01  5.811e-01  3.000e+00 
	 Covariance matrix: 
7.551e+02  3.108e+03  -2.116e+03  -2.116e+03  2.884e+03 
3.108e+03  1.281e+04  -8.714e+03  -8.714e+03  1.189e+04 
-2.116e+03  -8.714e+03  5.931e+03  5.931e+03  -8.087e+03 
-2.116e+03  -8.714e+03  5.931e+03  5.931e+03  -8.087e+03 
2.884e+03  1.189e+04  -8.087e+03  -8.087e+03  1.104e+04 

f218w filter: 
log(z) = 0.5, log(g) = 0.5
	 Damped-oscillator fit coefficients: 
4.000e-01  -1.706e+00  2.000e+00  2.000e+00  1.685e+00 
	 Covariance matrix: 
1.326e+02  1.467e+02  4.360e+02  4.360e+02  -4.718e+02 
1.467e+02  1.633e+02  4.823e+02  4.823e+02  -5.237e+02 
4.360e+02  4.823e+02  1.434e+03  1.434e+03  -1.551e+03 
4.360e+02  4.823e+02  1.434e+03  1.434e+03  -1.551e+03 
-4.718e+02  -5.237e+02  -1.551e+03  -1.551e+03  1.682e+03 

f218w filter: 
log(z) = 0.5, log(g) = 1.0
	 Damped-oscillator fit coefficients: 
6.481e-01  1.587e+00  2.000e+00  2.000e+00  -2.518e+00 
	 Covariance matrix: 
7.590e-01  4.241e+00  -1.750e+01  -1.750e+01  4.210e+01 
4.241e+00  2.373e+01  -9.801e+01  -9.801e+01  2.359e+02 
-1.750e+01  -9.801e+01  4.049e+02  4.049e+02  -9.748e+02 
-1.750e+01  -9.801e+01  4.049e+02  4.049e+02  -9.748e+02 
4.210e+01  2.359e+02  -9.748e+02  -9.748e+02  2.347e+03 

f218w filter: 
log(z) = 0.5, log(g) = 1.5
	 Damped-oscillator fit coefficients: 
6.996e-01  1.696e+00  1.986e+00  1.903e+00  -3.000e+00 
	 Covariance matrix: 
1.865e-01  1.072e+00  -5.066e+05  5.066e+05  9.936e+00 
1.072e+00  6.163e+00  -2.903e+06  2.903e+06  5.720e+01 
-5.066e+05  -2.903e+06  3.195e+12  -3.195e+12  -2.679e+07 
5.066e+05  2.903e+06  -3.195e+12  3.195e+12  2.679e+07 
9.936e+00  5.720e+01  -2.679e+07  2.679e+07  5.318e+02 

f218w filter: 
log(z) = 0.5, log(g) = 2.0
	 Damped-oscillator fit coefficients: 
8.887e-01  4.492e+00  2.452e-02  2.455e-02  2.772e+00 
	 Covariance matrix: 
6.345e-04  1.987e-02  -6.122e-04  -6.122e-04  2.915e-03 
1.987e-02  7.037e-01  -2.222e-02  -2.222e-02  1.151e-01 
-6.122e-04  -2.222e-02  7.052e-04  7.052e-04  -3.697e-03 
-6.122e-04  -2.222e-02  7.052e-04  7.052e-04  -3.697e-03 
2.915e-03  1.151e-01  -3.697e-03  -3.697e-03  2.071e-02 

f218w filter: 
log(z) = 0.5, log(g) = 2.5
	 Damped-oscillator fit coefficients: 
9.091e-01  5.511e+00  6.717e-03  6.730e-03  2.891e+00 
	 Covariance matrix: 
2.893e-04  1.207e-02  -1.594e+04  1.594e+04  3.706e-04 
1.207e-02  6.812e-01  -5.147e+05  5.147e+05  2.901e-02 
-1.594e+04  -5.147e+05  1.288e+13  -1.288e+13  -1.361e+04 
1.594e+04  5.147e+05  -1.288e+13  1.288e+13  1.361e+04 
3.706e-04  2.901e-02  -1.361e+04  1.361e+04  1.800e-03 

f218w filter: 
log(z) = 0.5, log(g) = 3.0
	 Damped-oscillator fit coefficients: 
9.162e-01  5.879e+00  4.317e-03  4.317e-03  2.909e+00 
	 Covariance matrix: 
2.203e-04  1.019e-02  -1.704e+04  1.704e+04  1.427e-04 
1.019e-02  6.826e-01  -7.135e+05  7.135e+05  1.605e-02 
-1.704e+04  -7.135e+05  5.166e+13  -5.166e+13  -1.023e+04 
1.704e+04  7.135e+05  -5.166e+13  5.166e+13  1.023e+04 
1.427e-04  1.605e-02  -1.023e+04  1.023e+04  7.594e-04 

f218w filter: 
log(z) = 0.5, log(g) = 3.5
	 Damped-oscillator fit coefficients: 
9.196e-01  6.041e+00  3.549e-03  3.562e-03  2.916e+00 
	 Covariance matrix: 
1.990e-04  9.834e-03  1.055e+03  -1.055e+03  9.549e-05 
9.834e-03  7.259e-01  3.865e+05  -3.865e+05  1.281e-02 
1.055e+03  3.865e+05  1.197e+13  -1.197e+13  4.477e+03 
-1.055e+03  -3.865e+05  -1.197e+13  1.197e+13  -4.477e+03 
9.549e-05  1.281e-02  4.477e+03  -4.477e+03  5.418e-04 

f218w filter: 
log(z) = 0.5, log(g) = 4.0
	 Damped-oscillator fit coefficients: 
9.215e-01  6.176e+00  3.014e-03  3.014e-03  2.921e+00 
	 Covariance matrix: 
1.901e-04  9.824e-03  -3.364e-05  -3.364e-05  6.324e-05 
9.824e-03  7.609e-01  -2.702e-03  -2.702e-03  9.762e-03 
-3.364e-05  -2.702e-03  9.629e-06  9.629e-06  -3.545e-05 
-3.364e-05  -2.702e-03  9.629e-06  9.629e-06  -3.545e-05 
6.324e-05  9.762e-03  -3.545e-05  -3.545e-05  3.742e-04 

f218w filter: 
log(z) = 0.5, log(g) = 4.5
	 Damped-oscillator fit coefficients: 
9.222e-01  6.268e+00  2.682e-03  2.682e-03  2.925e+00 
	 Covariance matrix: 
1.874e-04  1.001e-02  -3.042e-05  -3.042e-05  4.460e-05 
1.001e-02  8.107e-01  -2.550e-03  -2.550e-03  7.722e-03 
-3.042e-05  -2.550e-03  8.043e-06  8.043e-06  -2.478e-05 
-3.042e-05  -2.550e-03  8.043e-06  8.043e-06  -2.478e-05 
4.460e-05  7.722e-03  -2.478e-05  -2.478e-05  2.715e-04 

f218w filter: 
log(z) = 0.5, log(g) = 5.0
	 Damped-oscillator fit coefficients: 
9.219e-01  6.277e+00  2.630e-03  2.627e-03  2.926e+00 
	 Covariance matrix: 
1.982e-04  1.049e-02  -2.079e+04  2.079e+04  4.412e-05 
1.049e-02  8.467e-01  -6.952e+05  6.952e+05  7.706e-03 
-2.079e+04  -6.952e+05  6.115e+13  -6.115e+13  -1.386e+03 
2.079e+04  6.952e+05  -6.115e+13  6.115e+13  1.386e+03 
4.412e-05  7.706e-03  -1.386e+03  1.386e+03  2.644e-04 

f225w filter: 
log(z) = 0.5, log(g) = 0.0
	 Damped-oscillator fit coefficients: 
8.006e-01  2.250e+00  1.000e+00  1.000e+00  -1.336e+00 
	 Covariance matrix: 
1.737e+01  2.039e+02  2.487e+06  -2.488e+06  1.316e+03 
2.039e+02  2.394e+03  2.887e+07  -2.888e+07  1.546e+04 
2.487e+06  2.887e+07  4.823e+12  -4.823e+12  1.847e+08 
-2.488e+06  -2.888e+07  -4.823e+12  4.823e+12  -1.847e+08 
1.316e+03  1.546e+04  1.847e+08  -1.847e+08  9.983e+04 

f225w filter: 
log(z) = 0.5, log(g) = 0.5
	 Damped-oscillator fit coefficients: 
9.152e-01  3.900e+00  1.009e-01  1.009e-01  1.398e+00 
	 Covariance matrix: 
1.698e-02  5.974e-01  -8.782e-02  -8.782e-02  6.501e-01 
5.974e-01  2.109e+01  -3.106e+00  -3.106e+00  2.307e+01 
-8.782e-02  -3.106e+00  4.580e-01  4.580e-01  -3.408e+00 
-8.782e-02  -3.106e+00  4.580e-01  4.580e-01  -3.408e+00 
6.501e-01  2.307e+01  -3.408e+00  -3.408e+00  2.545e+01 

f225w filter: 
log(z) = 0.5, log(g) = 1.0
	 Damped-oscillator fit coefficients: 
9.509e-01  6.083e+00  4.861e-03  4.861e-03  2.415e+00 
	 Covariance matrix: 
1.384e-03  1.658e-01  2.081e+04  -2.081e+04  2.482e-02 
1.658e-01  2.059e+01  3.325e+06  -3.325e+06  3.184e+00 
2.081e+04  3.325e+06  6.189e+13  -6.189e+13  6.137e+05 
-2.081e+04  -3.325e+06  -6.189e+13  6.189e+13  -6.137e+05 
2.482e-02  3.184e+00  6.137e+05  -6.137e+05  5.072e-01 

f225w filter: 
log(z) = 0.5, log(g) = 1.5
	 Damped-oscillator fit coefficients: 
9.593e-01  7.470e+00  7.853e-04  7.844e-04  2.535e+00 
	 Covariance matrix: 
2.713e-04  7.274e-02  8.561e+03  -8.561e+03  2.975e-03 
7.274e-02  2.546e+01  8.543e+05  -8.543e+05  1.193e+00 
8.561e+03  8.543e+05  1.012e+13  -1.012e+13  1.361e+04 
-8.561e+03  -8.543e+05  -1.012e+13  1.012e+13  -1.361e+04 
2.975e-03  1.193e+00  1.361e+04  -1.361e+04  5.969e-02 

f225w filter: 
log(z) = 0.5, log(g) = 2.0
	 Damped-oscillator fit coefficients: 
9.589e-01  1.000e+01  3.720e-05  3.733e-05  2.580e+00 
	 Covariance matrix: 
1.083e-03  -6.158e-01  2.402e-05  2.402e-05  -1.594e-03 
-6.158e-01  3.788e+02  -1.478e-02  -1.478e-02  9.098e-01 
2.402e-05  -1.478e-02  5.764e-07  5.764e-07  -3.546e-05 
2.402e-05  -1.478e-02  5.764e-07  5.764e-07  -3.546e-05 
-1.594e-03  9.098e-01  -3.546e-05  -3.546e-05  2.766e-03 

f225w filter: 
log(z) = 0.5, log(g) = 2.5
	 Damped-oscillator fit coefficients: 
4.000e-01  -7.939e-01  7.730e-01  7.730e-01  1.213e+00 
	 Covariance matrix: 
2.046e-02  -1.162e-01  -1.144e+04  1.144e+04  2.829e-01 
-1.162e-01  1.343e+00  5.258e+05  -5.258e+05  -3.119e+00 
-1.144e+04  5.258e+05  6.446e+12  -6.446e+12  -1.151e+06 
1.144e+04  -5.258e+05  -6.446e+12  6.446e+12  1.151e+06 
2.829e-01  -3.119e+00  -1.151e+06  1.151e+06  7.264e+00 

f225w filter: 
log(z) = 0.5, log(g) = 3.0
	 Damped-oscillator fit coefficients: 
9.554e-01  1.000e+01  3.525e-05  3.594e-05  2.592e+00 
	 Covariance matrix: 
4.023e-04  -3.098e-01  1.107e-05  1.107e-05  -3.405e-04 
-3.098e-01  2.977e+02  -1.066e-02  -1.066e-02  2.690e-01 
1.107e-05  -1.066e-02  3.816e-07  3.816e-07  -9.611e-06 
1.107e-05  -1.066e-02  3.816e-07  3.816e-07  -9.611e-06 
-3.405e-04  2.690e-01  -9.611e-06  -9.611e-06  5.349e-04 

f225w filter: 
log(z) = 0.5, log(g) = 3.5
	 Damped-oscillator fit coefficients: 
9.523e-01  1.000e+01  3.687e-05  3.448e-05  2.598e+00 
	 Covariance matrix: 
1.640e-04  -1.706e-01  5.902e-06  5.902e-06  -1.473e-04 
-1.706e-01  3.418e+02  -1.188e-02  -1.188e-02  1.907e-01 
5.902e-06  -1.188e-02  4.130e-07  4.130e-07  -6.602e-06 
5.902e-06  -1.188e-02  4.130e-07  4.130e-07  -6.602e-06 
-1.473e-04  1.907e-01  -6.602e-06  -6.602e-06  3.608e-04 

f225w filter: 
log(z) = 0.5, log(g) = 4.0
	 Damped-oscillator fit coefficients: 
4.000e-01  -4.039e-01  8.696e-01  9.813e-01  7.340e-01 
	 Covariance matrix: 
2.592e-02  -2.874e-02  1.585e+04  -1.585e+04  2.402e-01 
-2.874e-02  3.231e-02  -1.446e+04  1.446e+04  -2.677e-01 
1.585e+04  -1.446e+04  2.368e+12  -2.368e+12  1.735e+05 
-1.585e+04  1.446e+04  -2.368e+12  2.368e+12  -1.735e+05 
2.402e-01  -2.677e-01  1.735e+05  -1.735e+05  2.247e+00 

f225w filter: 
log(z) = 0.5, log(g) = 4.5
	 Damped-oscillator fit coefficients: 
9.445e-01  9.834e+00  4.443e-05  4.444e-05  2.610e+00 
	 Covariance matrix: 
3.279e-04  2.458e-01  -3.351e+04  3.351e+04  9.731e-06 
2.458e-01  2.462e+02  -4.727e+07  4.727e+07  4.762e-02 
-3.351e+04  -4.727e+07  2.655e+13  -2.655e+13  -1.377e+04 
3.351e+04  4.727e+07  -2.655e+13  2.655e+13  1.377e+04 
9.731e-06  4.762e-02  -1.377e+04  1.377e+04  1.855e-04 

f225w filter: 
log(z) = 0.5, log(g) = 5.0
	 Damped-oscillator fit coefficients: 
9.408e-01  9.640e+00  5.464e-05  5.467e-05  2.612e+00 
	 Covariance matrix: 
6.098e-04  3.645e-01  1.757e+05  -1.757e+05  3.445e-05 
3.645e-01  2.788e+02  1.995e+08  -1.995e+08  6.221e-02 
1.757e+05  1.995e+08  2.677e+14  -2.677e+14  6.283e+04 
-1.757e+05  -1.995e+08  -2.677e+14  2.677e+14  -6.283e+04 
3.445e-05  6.221e-02  6.283e+04  -6.283e+04  1.893e-04 

f275w filter: 
log(z) = 0.5, log(g) = 0.0
	 Damped-oscillator fit coefficients: 
9.886e-01  1.000e+01  1.248e-04  1.249e-04  1.478e+00 
	 Covariance matrix: 
2.171e-03  1.055e+00  -1.510e-04  -1.510e-04  1.268e-01 
1.055e+00  5.128e+02  -7.344e-02  -7.344e-02  6.177e+01 
-1.510e-04  -7.344e-02  1.052e-05  1.052e-05  -8.875e-03 
-1.510e-04  -7.344e-02  1.052e-05  1.052e-05  -8.875e-03 
1.268e-01  6.177e+01  -8.875e-03  -8.875e-03  7.583e+00 

f275w filter: 
log(z) = 0.5, log(g) = 0.5
	 Damped-oscillator fit coefficients: 
4.000e-01  -4.723e-01  2.000e+00  2.000e+00  -1.255e+00 
	 Covariance matrix: 
9.946e+02  6.825e+03  5.250e+07  -5.244e+07  -6.679e+04 
6.825e+03  4.781e+04  3.173e+08  -3.168e+08  -4.683e+05 
5.250e+07  3.173e+08  4.087e+13  -4.087e+13  -3.087e+09 
-5.244e+07  -3.168e+08  -4.087e+13  4.086e+13  3.082e+09 
-6.679e+04  -4.683e+05  -3.087e+09  3.082e+09  4.587e+06 

f275w filter: 
log(z) = 0.5, log(g) = 1.0
	 Damped-oscillator fit coefficients: 
9.825e-01  1.000e+01  1.653e-05  1.635e-05  1.960e+00 
	 Covariance matrix: 
2.085e-03  9.804e-01  -1.970e-05  -1.970e-05  6.773e-03 
9.804e-01  4.858e+02  -9.866e-03  -9.866e-03  3.633e+00 
-1.970e-05  -9.866e-03  2.008e-07  2.008e-07  -7.486e-05 
-1.970e-05  -9.866e-03  2.008e-07  2.008e-07  -7.486e-05 
6.773e-03  3.633e+00  -7.486e-05  -7.486e-05  3.094e-02 

f275w filter: 
log(z) = 0.5, log(g) = 1.5
	 Damped-oscillator fit coefficients: 
9.714e-01  1.000e+01  7.856e-06  7.701e-06  1.986e+00 
	 Covariance matrix: 
7.579e-03  -4.437e+00  4.277e-05  4.277e-05  -1.087e-02 
-4.437e+00  3.509e+03  -3.354e-02  -3.354e-02  7.436e+00 
4.277e-05  -3.354e-02  3.208e-07  3.208e-07  -7.132e-05 
4.277e-05  -3.354e-02  3.208e-07  3.208e-07  -7.132e-05 
-1.087e-02  7.436e+00  -7.132e-05  -7.132e-05  1.764e-02 

f275w filter: 
log(z) = 0.5, log(g) = 2.0
	 Damped-oscillator fit coefficients: 
4.000e-01  -5.265e-01  4.809e-01  4.809e-01  1.175e+00 
	 Covariance matrix: 
1.630e+00  -1.108e+01  -3.809e+05  3.808e+05  2.550e+01 
-1.108e+01  2.469e+02  7.128e+06  -7.128e+06  -5.480e+02 
-3.809e+05  7.128e+06  7.804e+12  -7.804e+12  -1.581e+07 
3.808e+05  -7.128e+06  -7.804e+12  7.804e+12  1.581e+07 
2.550e+01  -5.480e+02  -1.581e+07  1.581e+07  1.217e+03 

f275w filter: 
log(z) = 0.5, log(g) = 2.5
	 Damped-oscillator fit coefficients: 
4.000e-01  -8.370e-01  1.784e-01  1.782e-01  1.714e+00 
	 Covariance matrix: 
2.770e-01  -1.499e+00  -7.650e+04  7.650e+04  7.968e-01 
-1.499e+00  2.012e+01  -1.423e+06  1.423e+06  -1.010e+01 
-7.650e+04  -1.423e+06  1.199e+13  -1.199e+13  6.461e+05 
7.650e+04  1.423e+06  -1.199e+13  1.199e+13  -6.461e+05 
7.968e-01  -1.010e+01  6.461e+05  -6.461e+05  5.086e+00 

f275w filter: 
log(z) = 0.5, log(g) = 3.0
	 Damped-oscillator fit coefficients: 
4.000e-01  -9.197e-01  1.351e-01  1.496e-01  1.776e+00 
	 Covariance matrix: 
1.534e-01  -4.006e-01  -1.341e+05  1.341e+05  1.714e-01 
-4.006e-01  1.234e+00  1.169e+06  -1.169e+06  -5.056e-01 
-1.341e+05  1.169e+06  1.539e+13  -1.539e+13  -4.207e+05 
1.341e+05  -1.169e+06  -1.539e+13  1.539e+13  4.207e+05 
1.714e-01  -5.056e-01  -4.207e+05  4.207e+05  2.128e-01 

f275w filter: 
log(z) = 0.5, log(g) = 3.5
	 Damped-oscillator fit coefficients: 
4.000e-01  -6.019e-01  2.043e-01  1.969e-01  1.649e+00 
	 Covariance matrix: 
2.555e-01  -4.319e-01  -2.362e-01  -2.362e-01  4.686e-01 
-4.319e-01  7.599e-01  4.066e-01  4.066e-01  -8.091e-01 
-2.362e-01  4.066e-01  2.227e-01  2.227e-01  -4.418e-01 
-2.362e-01  4.066e-01  2.227e-01  2.227e-01  -4.418e-01 
4.686e-01  -8.091e-01  -4.418e-01  -4.418e-01  8.773e-01 

f275w filter: 
log(z) = 0.5, log(g) = 4.0
	 Damped-oscillator fit coefficients: 
4.000e-01  -3.690e-01  3.538e-01  1.965e-01  1.485e+00 
	 Covariance matrix: 
4.709e-01  -5.033e-01  1.830e+05  -1.830e+05  1.342e+00 
-5.033e-01  5.461e-01  -2.885e+05  2.885e+05  -1.442e+00 
1.830e+05  -2.885e+05  6.135e+12  -6.135e+12  6.044e+05 
-1.830e+05  2.885e+05  -6.135e+12  6.135e+12  -6.044e+05 
1.342e+00  -1.442e+00  6.044e+05  -6.044e+05  3.848e+00 

f275w filter: 
log(z) = 0.5, log(g) = 4.5
	 Damped-oscillator fit coefficients: 
4.000e-01  -2.439e-01  3.301e-01  3.293e-01  1.364e+00 
	 Covariance matrix: 
7.562e-01  -5.418e-01  -1.853e+05  1.853e+05  2.740e+00 
-5.418e-01  3.906e-01  1.611e+05  -1.611e+05  -1.966e+00 
-1.853e+05  1.611e+05  6.180e+12  -6.180e+12  -6.806e+05 
1.853e+05  -1.611e+05  -6.180e+12  6.180e+12  6.806e+05 
2.740e+00  -1.966e+00  -6.806e+05  6.806e+05  9.958e+00 

f275w filter: 
log(z) = 0.5, log(g) = 5.0
	 Damped-oscillator fit coefficients: 
1.401e+00  2.014e+00  -1.913e-02  -1.326e-03  2.067e+00 
	 Covariance matrix: 
8.141e+00  -2.221e+01  -1.300e-01  -2.202e-02  1.332e-01 
-2.221e+01  6.504e+01  3.006e-01  7.563e-02  -3.573e-01 
-1.300e-01  3.006e-01  3.285e-03  1.531e-04  -2.591e-03 
-2.202e-02  7.563e-02  1.531e-04  1.143e-04  -3.346e-04 
1.332e-01  -3.573e-01  -2.591e-03  -3.346e-04  2.643e-03 

