f218w filter: 
log(z) = 0.0, log(g) = 0.0
	 Damped-oscillator fit coefficients: 
9.000e-01  1.000e+00  0.000e+00  0.000e+00  0.000e+00 
	 Covariance matrix: 
0.000e+00  0.000e+00  0.000e+00  0.000e+00  0.000e+00 
0.000e+00  3.572e-29  1.467e-15  1.467e-15  -6.437e-15 
0.000e+00  1.467e-15  6.029e-02  6.029e-02  -2.643e-01 
0.000e+00  1.467e-15  6.029e-02  6.029e-02  -2.643e-01 
0.000e+00  -6.437e-15  -2.643e-01  -2.643e-01  1.160e+00 

f218w filter: 
log(z) = 0.0, log(g) = 0.5
	 Damped-oscillator fit coefficients: 
9.000e-01  1.000e+00  0.000e+00  0.000e+00  0.000e+00 
	 Covariance matrix: 
0.000e+00  0.000e+00  0.000e+00  0.000e+00  0.000e+00 
0.000e+00  5.513e-31  7.353e-17  7.353e-17  -3.072e-16 
0.000e+00  7.353e-17  9.846e-03  9.846e-03  -4.096e-02 
0.000e+00  7.353e-17  9.846e-03  9.846e-03  -4.096e-02 
0.000e+00  -3.072e-16  -4.096e-02  -4.096e-02  1.711e-01 

f218w filter: 
log(z) = 0.0, log(g) = 1.0
	 Damped-oscillator fit coefficients: 
9.000e-01  1.000e+00  0.000e+00  0.000e+00  0.000e+00 
	 Covariance matrix: 
0.000e+00  0.000e+00  0.000e+00  0.000e+00  0.000e+00 
0.000e+00  1.940e-31  3.239e-17  3.239e-17  -1.321e-16 
0.000e+00  3.239e-17  5.440e-03  5.440e-03  -2.204e-02 
0.000e+00  3.239e-17  5.440e-03  5.440e-03  -2.204e-02 
0.000e+00  -1.321e-16  -2.204e-02  -2.204e-02  8.992e-02 

f218w filter: 
log(z) = 0.0, log(g) = 1.5
	 Damped-oscillator fit coefficients: 
9.000e-01  1.000e+00  0.000e+00  0.000e+00  0.000e+00 
	 Covariance matrix: 
0.000e+00  0.000e+00  0.000e+00  0.000e+00  0.000e+00 
0.000e+00  6.519e-32  1.472e-17  1.472e-17  -5.863e-17 
0.000e+00  1.472e-17  3.353e-03  3.353e-03  -1.323e-02 
0.000e+00  1.472e-17  3.353e-03  3.353e-03  -1.323e-02 
0.000e+00  -5.863e-17  -1.323e-02  -1.323e-02  5.273e-02 

f218w filter: 
log(z) = 0.0, log(g) = 2.0
	 Damped-oscillator fit coefficients: 
9.000e-01  1.000e+00  0.000e+00  0.000e+00  0.000e+00 
	 Covariance matrix: 
0.000e+00  0.000e+00  0.000e+00  0.000e+00  0.000e+00 
0.000e+00  2.873e-36  -4.641e-20  -4.641e-20  1.552e-19 
0.000e+00  -4.641e-20  8.183e-04  8.183e-04  -2.892e-03 
0.000e+00  -4.641e-20  8.183e-04  8.183e-04  -2.892e-03 
0.000e+00  1.552e-19  -2.892e-03  -2.892e-03  1.054e-02 

f218w filter: 
log(z) = 0.0, log(g) = 2.5
	 Damped-oscillator fit coefficients: 
9.000e-01  1.000e+00  0.000e+00  0.000e+00  0.000e+00 
	 Covariance matrix: 
0.000e+00  0.000e+00  0.000e+00  0.000e+00  0.000e+00 
0.000e+00  1.889e-36  -5.549e-21  -5.549e-21  -3.289e-21 
0.000e+00  -5.549e-21  3.326e-04  3.326e-04  -1.058e-03 
0.000e+00  -5.549e-21  3.326e-04  3.326e-04  -1.058e-03 
0.000e+00  -3.289e-21  -1.058e-03  -1.058e-03  3.607e-03 

f218w filter: 
log(z) = 0.0, log(g) = 3.0
	 Damped-oscillator fit coefficients: 
9.000e-01  1.000e+00  0.000e+00  0.000e+00  0.000e+00 
	 Covariance matrix: 
0.000e+00  0.000e+00  0.000e+00  0.000e+00  0.000e+00 
0.000e+00  1.693e-35  -5.176e-20  -5.176e-20  1.356e-19 
0.000e+00  -5.176e-20  1.651e-04  1.651e-04  -4.709e-04 
0.000e+00  -5.176e-20  1.651e-04  1.651e-04  -4.709e-04 
0.000e+00  1.356e-19  -4.709e-04  -4.709e-04  1.551e-03 

f218w filter: 
log(z) = 0.0, log(g) = 3.5
	 Damped-oscillator fit coefficients: 
9.000e-01  1.000e+00  0.000e+00  0.000e+00  0.000e+00 
	 Covariance matrix: 
0.000e+00  0.000e+00  0.000e+00  0.000e+00  0.000e+00 
0.000e+00  4.878e-35  -7.496e-20  -7.496e-20  2.044e-19 
0.000e+00  -7.496e-20  1.159e-04  1.159e-04  -3.045e-04 
0.000e+00  -7.496e-20  1.159e-04  1.159e-04  -3.045e-04 
0.000e+00  2.044e-19  -3.045e-04  -3.045e-04  9.887e-04 

f218w filter: 
log(z) = 0.0, log(g) = 4.0
	 Damped-oscillator fit coefficients: 
9.000e-01  1.000e+00  0.000e+00  0.000e+00  0.000e+00 
	 Covariance matrix: 
0.000e+00  0.000e+00  0.000e+00  0.000e+00  0.000e+00 
0.000e+00  3.977e-36  -1.696e-20  -1.696e-20  3.195e-20 
0.000e+00  -1.696e-20  7.870e-05  7.870e-05  -1.818e-04 
0.000e+00  -1.696e-20  7.870e-05  7.870e-05  -1.818e-04 
0.000e+00  3.195e-20  -1.818e-04  -1.818e-04  5.839e-04 

f218w filter: 
log(z) = 0.0, log(g) = 4.5
	 Damped-oscillator fit coefficients: 
9.000e-01  1.000e+00  0.000e+00  0.000e+00  0.000e+00 
	 Covariance matrix: 
0.000e+00  0.000e+00  0.000e+00  0.000e+00  0.000e+00 
0.000e+00  1.256e-35  -2.345e-20  -2.345e-20  6.775e-20 
0.000e+00  -2.345e-20  5.843e-05  5.843e-05  -1.163e-04 
0.000e+00  -2.345e-20  5.843e-05  5.843e-05  -1.163e-04 
0.000e+00  6.775e-20  -1.163e-04  -1.163e-04  3.724e-04 

f218w filter: 
log(z) = 0.0, log(g) = 5.0
	 Damped-oscillator fit coefficients: 
9.000e-01  1.000e+00  0.000e+00  0.000e+00  0.000e+00 
	 Covariance matrix: 
0.000e+00  0.000e+00  0.000e+00  0.000e+00  0.000e+00 
0.000e+00  4.365e-36  -1.146e-20  -1.146e-20  5.553e-21 
0.000e+00  -1.146e-20  5.713e-05  5.713e-05  -1.122e-04 
0.000e+00  -1.146e-20  5.713e-05  5.713e-05  -1.122e-04 
0.000e+00  5.553e-21  -1.122e-04  -1.122e-04  3.591e-04 

f225w filter: 
log(z) = 0.0, log(g) = 0.0
	 Damped-oscillator fit coefficients: 
9.890e-01  1.000e+01  -1.960e-04  -1.960e-04  3.000e-01 
	 Covariance matrix: 
3.728e-03  1.846e+00  -1.614e+07  1.614e+07  -2.987e-01 
1.846e+00  9.146e+02  -7.993e+09  7.993e+09  -1.480e+02 
-1.614e+07  -7.993e+09  9.105e+16  -9.105e+16  1.234e+09 
1.614e+07  7.993e+09  -9.105e+16  9.105e+16  -1.234e+09 
-2.987e-01  -1.480e+02  1.234e+09  -1.234e+09  2.426e+01 

f225w filter: 
log(z) = 0.0, log(g) = 0.5
	 Damped-oscillator fit coefficients: 
9.891e-01  1.000e+01  -1.879e-04  -1.567e-04  3.000e-01 
	 Covariance matrix: 
5.241e-05  2.540e-02  2.050e+04  -2.050e+04  -2.246e-03 
2.540e-02  1.232e+01  9.861e+06  -9.861e+06  -1.090e+00 
2.050e+04  9.861e+06  2.243e+14  -2.243e+14  -1.123e+06 
-2.050e+04  -9.861e+06  -2.243e+14  2.243e+14  1.123e+06 
-2.246e-03  -1.090e+00  -1.123e+06  1.123e+06  1.054e-01 

f225w filter: 
log(z) = 0.0, log(g) = 1.0
	 Damped-oscillator fit coefficients: 
9.891e-01  1.000e+01  1.500e-02  -1.523e-02  1.720e-01 
	 Covariance matrix: 
4.877e-05  2.351e-02  1.839e+01  -1.839e+01  -1.068e-03 
2.351e-02  1.134e+01  9.889e+03  -9.889e+03  -5.155e-01 
1.839e+01  9.889e+03  2.366e+10  -2.366e+10  -1.210e+02 
-1.839e+01  -9.889e+03  -2.366e+10  2.366e+10  1.210e+02 
-1.068e-03  -5.155e-01  -1.210e+02  1.210e+02  2.740e-02 

f225w filter: 
log(z) = 0.0, log(g) = 1.5
	 Damped-oscillator fit coefficients: 
9.891e-01  1.000e+01  2.271e-02  -2.286e-02  8.847e-02 
	 Covariance matrix: 
7.380e-05  3.569e-02  1.847e+02  -1.847e+02  -7.802e-04 
3.569e-02  1.728e+01  8.320e+04  -8.320e+04  -3.775e-01 
1.847e+02  8.320e+04  1.956e+10  -1.956e+10  -1.930e+03 
-1.847e+02  -8.320e+04  -1.956e+10  1.956e+10  1.930e+03 
-7.802e-04  -3.775e-01  -1.930e+03  1.930e+03  1.048e-02 

f225w filter: 
log(z) = 0.0, log(g) = 2.0
	 Damped-oscillator fit coefficients: 
1.024e+00  1.675e+00  3.000e-01  -1.325e-01  -2.163e-01 
	 Covariance matrix: 
7.949e+02  -1.527e+03  -2.527e+03  2.900e+03  -3.775e+02 
-1.527e+03  2.953e+03  4.840e+03  -5.564e+03  7.317e+02 
-2.527e+03  4.840e+03  8.038e+03  -9.222e+03  1.196e+03 
2.900e+03  -5.564e+03  -9.222e+03  1.058e+04  -1.375e+03 
-3.775e+02  7.317e+02  1.196e+03  -1.375e+03  1.814e+02 

f225w filter: 
log(z) = 0.0, log(g) = 2.5
	 Damped-oscillator fit coefficients: 
1.000e+00  3.741e+00  1.123e-01  -1.035e-01  -2.627e-02 
	 Covariance matrix: 
1.880e+01  -6.787e+01  -1.286e+04  1.286e+04  -5.915e-01 
-6.787e+01  2.706e+02  4.640e+04  -4.640e+04  2.427e+00 
-1.286e+04  4.640e+04  8.790e+06  -8.790e+06  4.044e+02 
1.286e+04  -4.640e+04  -8.790e+06  8.791e+06  -4.044e+02 
-5.915e-01  2.427e+00  4.044e+02  -4.044e+02  2.330e-02 

f225w filter: 
log(z) = 0.0, log(g) = 3.0
	 Damped-oscillator fit coefficients: 
1.000e+00  4.865e+00  4.495e-02  -4.176e-02  -1.646e-02 
	 Covariance matrix: 
6.906e+00  -1.679e+01  -4.441e+03  4.441e+03  -6.079e-02 
-1.679e+01  6.999e+01  1.080e+04  -1.080e+04  2.518e-01 
-4.441e+03  1.080e+04  2.856e+06  -2.856e+06  3.909e+01 
4.441e+03  -1.080e+04  -2.856e+06  2.856e+06  -3.909e+01 
-6.079e-02  2.518e-01  3.909e+01  -3.909e+01  1.445e-03 

f225w filter: 
log(z) = 0.0, log(g) = 3.5
	 Damped-oscillator fit coefficients: 
9.555e-01  5.511e+00  8.055e-04  8.055e-04  -1.319e-02 
	 Covariance matrix: 
8.061e-03  4.763e-01  -2.617e+06  2.617e+06  1.015e-03 
4.763e-01  2.841e+01  -1.455e+08  1.455e+08  6.673e-02 
-2.617e+06  -1.455e+08  3.709e+16  -3.709e+16  2.559e+04 
2.617e+06  1.455e+08  -3.709e+16  3.709e+16  -2.559e+04 
1.015e-03  6.673e-02  2.559e+04  -2.559e+04  5.368e-04 

f225w filter: 
log(z) = 0.0, log(g) = 4.0
	 Damped-oscillator fit coefficients: 
9.612e-01  5.765e+00  6.280e-04  6.280e-04  -1.002e-02 
	 Covariance matrix: 
6.499e-03  4.658e-01  4.413e+06  -4.413e+06  6.503e-04 
4.658e-01  3.362e+01  3.121e+08  -3.121e+08  5.081e-02 
4.413e+06  3.121e+08  3.691e+16  -3.691e+16  -1.985e+04 
-4.413e+06  -3.121e+08  -3.691e+16  3.691e+16  1.985e+04 
6.503e-04  5.081e-02  -1.985e+04  1.985e+04  3.665e-04 

f225w filter: 
log(z) = 0.0, log(g) = 4.5
	 Damped-oscillator fit coefficients: 
9.633e-01  5.857e+00  5.349e-04  5.349e-04  -7.455e-03 
	 Covariance matrix: 
6.391e-03  4.939e-01  1.450e+06  -1.450e+06  5.145e-04 
4.939e-01  3.846e+01  1.020e+08  -1.020e+08  4.288e-02 
1.450e+06  1.020e+08  4.800e+15  -4.800e+15  6.401e+04 
-1.450e+06  -1.020e+08  -4.800e+15  4.800e+15  -6.401e+04 
5.145e-04  4.288e-02  6.401e+04  -6.401e+04  2.673e-04 

f225w filter: 
log(z) = 0.0, log(g) = 5.0
	 Damped-oscillator fit coefficients: 
9.626e-01  5.738e+00  5.367e-04  5.367e-04  -6.857e-03 
	 Covariance matrix: 
8.384e-03  6.328e-01  -3.547e+06  3.547e+06  5.583e-04 
6.328e-01  4.811e+01  -2.608e+08  2.608e+08  4.505e-02 
-3.547e+06  -2.608e+08  1.390e+16  -1.390e+16  -3.956e+04 
3.547e+06  2.608e+08  -1.390e+16  1.390e+16  3.956e+04 
5.583e-04  4.505e-02  -3.956e+04  3.956e+04  2.616e-04 

f275w filter: 
log(z) = 0.0, log(g) = 0.0
	 Damped-oscillator fit coefficients: 
1.000e+00  4.408e+00  2.494e-01  -2.090e-01  -3.000e-01 
	 Covariance matrix: 
4.498e+05  -3.820e+06  -2.518e+08  2.520e+08  -6.146e+05 
-3.820e+06  3.245e+07  2.138e+09  -2.140e+09  5.222e+06 
-2.518e+08  2.138e+09  1.410e+11  -1.411e+11  3.440e+08 
2.520e+08  -2.140e+09  -1.411e+11  1.412e+11  -3.443e+08 
-6.146e+05  5.222e+06  3.440e+08  -3.443e+08  8.406e+05 

f275w filter: 
log(z) = 0.0, log(g) = 0.5
	 Damped-oscillator fit coefficients: 
1.001e+00  9.864e+00  7.263e-05  -3.111e-05  -3.706e-02 
	 Covariance matrix: 
3.827e+02  -1.267e+04  -4.652e+00  5.373e+00  -3.203e+01 
-1.267e+04  4.204e+05  1.538e+02  -1.778e+02  1.071e+03 
-4.652e+00  1.538e+02  5.656e-02  -6.532e-02  3.882e-01 
5.373e+00  -1.778e+02  -6.532e-02  7.544e-02  -4.492e-01 
-3.203e+01  1.071e+03  3.882e-01  -4.492e-01  2.791e+00 

f275w filter: 
log(z) = 0.0, log(g) = 1.0
	 Damped-oscillator fit coefficients: 
1.117e+00  1.000e+01  5.557e-05  -1.737e-08  -3.259e-02 
	 Covariance matrix: 
1.477e+03  -2.678e+04  1.657e+00  9.649e-05  -2.673e+01 
-2.678e+04  4.860e+05  -3.009e+01  -1.742e-03  4.868e+02 
1.657e+00  -3.009e+01  1.863e-03  1.074e-07  -3.024e-02 
9.649e-05  -1.742e-03  1.074e-07  6.566e-12  -1.687e-06 
-2.673e+01  4.868e+02  -3.024e-02  -1.687e-06  5.021e-01 

f275w filter: 
log(z) = 0.0, log(g) = 1.5
	 Damped-oscillator fit coefficients: 
1.181e+00  1.000e+01  2.165e-04  -1.971e-09  -3.825e-02 
	 Covariance matrix: 
1.452e+02  -1.827e+03  4.387e-01  1.976e-06  -4.479e+00 
-1.827e+03  2.313e+04  -5.551e+00  -2.430e-05  5.727e+01 
4.387e-01  -5.551e+00  1.333e-03  5.848e-09  -1.376e-02 
1.976e-06  -2.430e-05  5.848e-09  2.906e-14  -5.740e-08 
-4.479e+00  5.727e+01  -1.376e-02  -5.740e-08  1.468e-01 

f275w filter: 
log(z) = 0.0, log(g) = 2.0
	 Damped-oscillator fit coefficients: 
1.339e+00  1.000e+01  5.041e-04  -1.763e-11  -3.436e-02 
	 Covariance matrix: 
2.594e+01  -2.006e+02  9.814e-02  3.902e-09  -3.740e-01 
-2.006e+02  1.650e+03  -7.911e-01  -2.606e-08  3.143e+00 
9.814e-02  -7.911e-01  3.828e-04  1.342e-11  -1.519e-03 
3.902e-09  -2.606e-08  1.342e-11  7.576e-19  -4.571e-11 
-3.740e-01  3.143e+00  -1.519e-03  -4.571e-11  6.923e-03 

f275w filter: 
log(z) = 0.0, log(g) = 2.5
	 Damped-oscillator fit coefficients: 
2.756e+00  7.110e+00  5.101e-03  -8.422e-19  -2.993e-02 
	 Covariance matrix: 
4.290e-71  0.000e+00  -1.001e-70  -3.284e-54  -2.538e-71 
0.000e+00  0.000e+00  -0.000e+00  -0.000e+00  -0.000e+00 
-1.001e-70  -0.000e+00  2.336e-70  7.664e-54  5.923e-71 
-3.284e-54  -0.000e+00  7.664e-54  2.514e-37  1.943e-54 
-2.538e-71  -0.000e+00  5.923e-71  1.943e-54  1.501e-71 

f275w filter: 
log(z) = 0.0, log(g) = 3.0
	 Damped-oscillator fit coefficients: 
4.000e-01  8.507e-01  -2.215e-02  -2.226e-02  2.780e-02 
	 Covariance matrix: 
1.219e+01  2.841e+01  -4.580e+07  4.580e+07  -2.207e+00 
2.841e+01  7.049e+01  -8.517e+07  8.517e+07  -5.366e+00 
-4.580e+07  -8.517e+07  6.674e+15  -6.674e+15  6.687e+06 
4.580e+07  8.517e+07  -6.674e+15  6.674e+15  -6.687e+06 
-2.207e+00  -5.366e+00  6.687e+06  -6.687e+06  4.186e-01 

f275w filter: 
log(z) = 0.0, log(g) = 3.5
	 Damped-oscillator fit coefficients: 
4.956e-01  1.516e+00  -1.382e-02  -1.379e-02  1.117e-02 
	 Covariance matrix: 
1.173e+00  2.113e+00  1.276e+07  -1.276e+07  -1.813e-02 
2.113e+00  5.165e+00  -2.420e+07  2.420e+07  -6.013e-02 
1.276e+07  -2.420e+07  3.891e+16  -3.891e+16  4.701e+05 
-1.276e+07  2.420e+07  -3.891e+16  3.891e+16  -4.701e+05 
-1.813e-02  -6.013e-02  4.701e+05  -4.701e+05  1.691e-03 

f275w filter: 
log(z) = 0.0, log(g) = 4.0
	 Damped-oscillator fit coefficients: 
5.363e-01  1.676e+00  -1.415e-02  -1.417e-02  1.294e-02 
	 Covariance matrix: 
5.945e-01  9.299e-01  7.227e+06  -7.227e+06  4.072e-03 
9.299e-01  2.141e+00  -1.032e+07  1.032e+07  -1.956e-03 
7.227e+06  -1.032e+07  9.029e+15  -9.029e+15  1.743e+05 
-7.227e+06  1.032e+07  -9.029e+15  9.029e+15  -1.743e+05 
4.072e-03  -1.956e-03  1.743e+05  -1.743e+05  5.426e-04 

f275w filter: 
log(z) = 0.0, log(g) = 4.5
	 Damped-oscillator fit coefficients: 
5.755e-01  1.725e+00  -1.512e-02  -1.494e-02  1.640e-02 
	 Covariance matrix: 
4.590e-01  8.565e-01  -1.623e+07  1.623e+07  2.707e-03 
8.565e-01  2.065e+00  -2.176e+07  2.176e+07  1.497e-03 
-1.623e+07  -2.176e+07  1.682e+16  -1.682e+16  3.447e+03 
1.623e+07  2.176e+07  -1.682e+16  1.682e+16  -3.447e+03 
2.707e-03  1.497e-03  3.447e+03  -3.447e+03  3.372e-04 

f275w filter: 
log(z) = 0.0, log(g) = 5.0
	 Damped-oscillator fit coefficients: 
6.406e-01  1.892e+00  -1.457e-02  -1.457e-02  1.751e-02 
	 Covariance matrix: 
3.431e-01  8.706e-01  7.853e+06  -7.853e+06  4.931e-04 
8.706e-01  2.569e+00  2.905e+07  -2.905e+07  -2.037e-03 
7.853e+06  2.905e+07  2.133e+16  -2.133e+16  -6.245e+04 
-7.853e+06  -2.905e+07  -2.133e+16  2.133e+16  6.245e+04 
4.931e-04  -2.037e-03  -6.245e+04  6.245e+04  3.158e-04 

f300x filter: 
log(z) = 0.0, log(g) = 0.0
	 Damped-oscillator fit coefficients: 
2.746e+00  6.874e+00  4.782e-02  -5.005e-18  -1.826e-01 
	 Covariance matrix: 
2.883e-68  0.000e+00  -4.947e-68  -3.702e-52  -1.303e-68 
0.000e+00  0.000e+00  -0.000e+00  -0.000e+00  -0.000e+00 
-4.947e-68  -0.000e+00  8.489e-68  6.352e-52  2.236e-68 
-3.702e-52  -0.000e+00  6.352e-52  4.753e-36  1.673e-52 
-1.303e-68  -0.000e+00  2.236e-68  1.673e-52  5.888e-69 

f300x filter: 
log(z) = 0.0, log(g) = 0.5
	 Damped-oscillator fit coefficients: 
2.987e+00  6.659e+00  -1.981e-02  -3.210e-19  4.123e-02 
	 Covariance matrix: 
1.015e-72  0.000e+00  -2.282e-72  -2.245e-55  -6.872e-73 
0.000e+00  0.000e+00  -0.000e+00  -0.000e+00  -0.000e+00 
-2.282e-72  -0.000e+00  5.126e-72  5.044e-55  1.544e-72 
-2.245e-55  -0.000e+00  5.044e-55  4.964e-38  1.519e-55 
-6.872e-73  -0.000e+00  1.544e-72  1.519e-55  4.651e-73 

f300x filter: 
log(z) = 0.0, log(g) = 1.0
	 Damped-oscillator fit coefficients: 
2.982e+00  6.605e+00  -2.074e-02  -3.477e-19  4.602e-02 
	 Covariance matrix: 
2.591e-72  0.000e+00  -7.811e-72  -5.372e-55  -2.341e-72 
0.000e+00  0.000e+00  -0.000e+00  -0.000e+00  -0.000e+00 
-7.811e-72  -0.000e+00  2.355e-71  1.619e-54  7.057e-72 
-5.372e-55  -0.000e+00  1.619e-54  1.114e-37  4.853e-55 
-2.341e-72  -0.000e+00  7.057e-72  4.853e-55  2.115e-72 

f300x filter: 
log(z) = 0.0, log(g) = 1.5
	 Damped-oscillator fit coefficients: 
2.783e+00  6.647e+00  -1.178e-02  -3.488e-18  2.730e-02 
	 Covariance matrix: 
4.781e-68  0.000e+00  -2.160e-67  -9.776e-52  -5.849e-68 
0.000e+00  0.000e+00  -0.000e+00  -0.000e+00  -0.000e+00 
-2.160e-67  -0.000e+00  9.760e-67  4.417e-51  2.642e-67 
-9.776e-52  -0.000e+00  4.417e-51  1.999e-35  1.196e-51 
-5.849e-68  -0.000e+00  2.642e-67  1.196e-51  7.154e-68 

f300x filter: 
log(z) = 0.0, log(g) = 2.0
	 Damped-oscillator fit coefficients: 
2.812e+00  6.459e+00  2.287e-03  -6.051e-18  -9.517e-03 
	 Covariance matrix: 
5.378e-67  0.000e+00  -2.924e-66  -6.325e-51  -8.638e-67 
0.000e+00  0.000e+00  -0.000e+00  -0.000e+00  -0.000e+00 
-2.924e-66  -0.000e+00  1.590e-65  3.439e-50  4.696e-66 
-6.325e-51  -0.000e+00  3.439e-50  7.439e-35  1.016e-50 
-8.638e-67  -0.000e+00  4.696e-66  1.016e-50  1.387e-66 

f300x filter: 
log(z) = 0.0, log(g) = 2.5
	 Damped-oscillator fit coefficients: 
9.640e-01  6.073e+00  2.117e-04  2.117e-04  -1.052e-02 
	 Covariance matrix: 
3.907e-02  3.241e+00  4.024e+06  -4.024e+06  4.677e-03 
3.241e+00  2.708e+02  5.085e+08  -5.085e+08  4.150e-01 
4.024e+06  5.085e+08  3.593e+17  -3.593e+17  2.411e+06 
-4.024e+06  -5.085e+08  -3.593e+17  3.593e+17  -2.411e+06 
4.677e-03  4.150e-01  2.411e+06  -2.411e+06  1.253e-03 

f300x filter: 
log(z) = 0.0, log(g) = 3.0
	 Damped-oscillator fit coefficients: 
9.765e-01  7.415e+00  5.189e-05  5.189e-05  -6.924e-03 
	 Covariance matrix: 
2.048e-02  3.133e+00  1.203e+07  -1.203e+07  1.761e-03 
3.133e+00  4.814e+02  1.926e+09  -1.926e+09  2.877e-01 
1.203e+07  1.926e+09  2.322e+18  -2.322e+18  2.139e+06 
-1.203e+07  -1.926e+09  -2.322e+18  2.322e+18  -2.139e+06 
1.761e-03  2.877e-01  2.139e+06  -2.139e+06  5.410e-04 

f300x filter: 
log(z) = 0.0, log(g) = 3.5
	 Damped-oscillator fit coefficients: 
9.875e-01  1.000e+01  4.277e-06  4.298e-06  -4.427e-03 
	 Covariance matrix: 
7.136e-03  2.765e+00  -3.006e+06  3.006e+06  6.577e-04 
2.765e+00  1.074e+03  -9.340e+08  9.340e+08  2.698e-01 
-3.006e+06  -9.340e+08  5.596e+17  -5.596e+17  6.511e+05 
3.006e+06  9.340e+08  -5.596e+17  5.596e+17  -6.511e+05 
6.577e-04  2.698e-01  6.511e+05  -6.511e+05  3.384e-04 

f300x filter: 
log(z) = 0.0, log(g) = 4.0
	 Damped-oscillator fit coefficients: 
3.000e-01  1.709e+00  -2.323e-03  -2.436e-03  1.409e-04 
	 Covariance matrix: 
3.606e+01  3.563e+00  -3.760e+08  3.760e+08  1.340e-01 
3.563e+00  2.458e+01  1.753e+08  -1.753e+08  -4.433e-02 
-3.760e+08  1.753e+08  4.598e+17  -4.598e+17  -5.774e+05 
3.760e+08  -1.753e+08  -4.598e+17  4.598e+17  5.774e+05 
1.340e-01  -4.433e-02  -5.774e+05  5.774e+05  8.979e-04 

f300x filter: 
log(z) = 0.0, log(g) = 4.5
	 Damped-oscillator fit coefficients: 
3.000e-01  1.377e+00  -2.767e-03  -2.794e-03  1.973e-03 
	 Covariance matrix: 
2.196e+01  7.137e+00  -4.657e+08  4.657e+08  8.756e-02 
7.137e+00  1.901e+01  5.556e+03  -5.556e+03  1.282e-02 
-4.657e+08  5.556e+03  7.739e+17  -7.739e+17  -1.930e+06 
4.657e+08  -5.556e+03  -7.739e+17  7.739e+17  1.930e+06 
8.756e-02  1.282e-02  -1.930e+06  1.930e+06  5.985e-04 

f300x filter: 
log(z) = 0.0, log(g) = 5.0
	 Damped-oscillator fit coefficients: 
3.000e-01  1.404e+00  -2.920e-03  -2.895e-03  2.414e-03 
	 Covariance matrix: 
1.929e+01  7.514e+00  1.797e+08  -1.797e+08  7.641e-02 
7.514e+00  1.702e+01  1.393e+08  -1.393e+08  1.779e-02 
1.797e+08  1.393e+08  2.265e+17  -2.265e+17  8.186e+05 
-1.797e+08  -1.393e+08  -2.265e+17  2.265e+17  -8.186e+05 
7.641e-02  1.779e-02  8.186e+05  -8.186e+05  5.403e-04 

