f218w filter: 
log(z) = -2.0, log(g) = 0.0
	 Damped-oscillator fit coefficients: 
6.410e-01  1.584e+00  2.000e+00  2.000e+00  -2.036e+00 
	 Covariance matrix: 
3.521e+02  2.308e+03  -9.954e+03  -9.954e+03  2.480e+04 
2.308e+03  1.514e+04  -6.529e+04  -6.529e+04  1.627e+05 
-9.954e+03  -6.529e+04  2.815e+05  2.815e+05  -7.016e+05 
-9.954e+03  -6.529e+04  2.815e+05  2.815e+05  -7.016e+05 
2.480e+04  1.627e+05  -7.016e+05  -7.016e+05  1.748e+06 

f218w filter: 
log(z) = -2.0, log(g) = 0.5
	 Damped-oscillator fit coefficients: 
4.000e-01  -1.572e+00  2.000e+00  2.000e+00  1.770e+00 
	 Covariance matrix: 
1.759e+02  2.198e+02  5.867e+02  5.867e+02  -7.099e+02 
2.198e+02  2.762e+02  7.338e+02  7.338e+02  -8.902e+02 
5.867e+02  7.338e+02  1.957e+03  1.957e+03  -2.369e+03 
5.867e+02  7.338e+02  1.957e+03  1.957e+03  -2.369e+03 
-7.099e+02  -8.902e+02  -2.369e+03  -2.369e+03  2.871e+03 

f218w filter: 
log(z) = -2.0, log(g) = 1.0
	 Damped-oscillator fit coefficients: 
9.787e-01  1.000e+01  5.012e-05  3.766e-05  2.834e+00 
	 Covariance matrix: 
9.209e-05  6.815e-02  -3.738e-06  -3.738e-06  1.002e-03 
6.815e-02  8.424e+01  -4.749e-03  -4.749e-03  1.624e+00 
-3.738e-06  -4.749e-03  2.680e-07  2.680e-07  -9.239e-05 
-3.738e-06  -4.749e-03  2.680e-07  2.680e-07  -9.239e-05 
1.002e-03  1.624e+00  -9.239e-05  -9.239e-05  3.487e-02 

f218w filter: 
log(z) = -2.0, log(g) = 1.5
	 Damped-oscillator fit coefficients: 
9.826e-01  1.000e+01  5.633e-05  5.638e-05  2.828e+00 
	 Covariance matrix: 
1.228e-04  5.160e-02  -3.467e-06  -3.467e-06  9.384e-04 
5.160e-02  2.285e+01  -1.555e-03  -1.555e-03  4.585e-01 
-3.467e-06  -1.555e-03  1.062e-07  1.062e-07  -3.187e-05 
-3.467e-06  -1.555e-03  1.062e-07  1.062e-07  -3.187e-05 
9.384e-04  4.585e-01  -3.187e-05  -3.187e-05  1.136e-02 

f218w filter: 
log(z) = -2.0, log(g) = 2.0
	 Damped-oscillator fit coefficients: 
9.818e-01  1.000e+01  4.568e-05  4.572e-05  2.876e+00 
	 Covariance matrix: 
1.692e-04  5.502e-02  -1.332e+05  1.332e+05  2.831e-04 
5.502e-02  1.888e+01  -3.982e+07  3.982e+07  1.152e-01 
-1.332e+05  -3.982e+07  2.141e+14  -2.141e+14  -1.660e+05 
1.332e+05  3.982e+07  -2.141e+14  2.141e+14  1.660e+05 
2.831e-04  1.152e-01  -1.660e+05  1.660e+05  1.393e-03 

f218w filter: 
log(z) = -2.0, log(g) = 2.5
	 Damped-oscillator fit coefficients: 
4.000e-01  -7.778e-01  3.834e-01  3.834e-01  2.227e+00 
	 Covariance matrix: 
9.778e-02  -5.570e-01  1.900e+05  -1.900e+05  6.878e-01 
-5.570e-01  5.852e+00  -1.271e+06  1.271e+06  -6.929e+00 
1.900e+05  -1.271e+06  1.194e+13  -1.194e+13  1.529e+06 
-1.900e+05  1.271e+06  -1.194e+13  1.194e+13  -1.529e+06 
6.878e-01  -6.929e+00  1.529e+06  -1.529e+06  8.229e+00 

f218w filter: 
log(z) = -2.0, log(g) = 3.0
	 Damped-oscillator fit coefficients: 
4.000e-01  -1.001e+00  2.197e-01  2.211e-01  2.521e+00 
	 Covariance matrix: 
4.383e-02  -1.110e-01  -2.951e+04  2.951e+04  6.664e-02 
-1.110e-01  3.274e-01  7.207e+04  -7.207e+04  -1.888e-01 
-2.951e+04  7.207e+04  1.168e+13  -1.168e+13  -1.605e+04 
2.951e+04  -7.207e+04  -1.168e+13  1.168e+13  1.605e+04 
6.664e-02  -1.888e-01  -1.605e+04  1.605e+04  1.128e-01 

f218w filter: 
log(z) = -2.0, log(g) = 3.5
	 Damped-oscillator fit coefficients: 
4.000e-01  -6.605e-01  3.101e-01  2.434e-01  2.386e+00 
	 Covariance matrix: 
8.527e-02  -1.472e-01  -1.019e-01  -1.019e-01  2.016e-01 
-1.472e-01  2.657e-01  1.797e-01  1.797e-01  -3.567e-01 
-1.019e-01  1.797e-01  1.252e-01  1.252e-01  -2.475e-01 
-1.019e-01  1.797e-01  1.252e-01  1.252e-01  -2.475e-01 
2.016e-01  -3.567e-01  -2.475e-01  -2.475e-01  4.899e-01 

f218w filter: 
log(z) = -2.0, log(g) = 4.0
	 Damped-oscillator fit coefficients: 
4.000e-01  -3.994e-01  3.527e-01  3.526e-01  2.207e+00 
	 Covariance matrix: 
1.960e-01  -2.187e-01  -1.735e+05  1.735e+05  6.993e-01 
-2.187e-01  2.477e-01  2.431e+05  -2.431e+05  -7.852e-01 
-1.735e+05  2.431e+05  3.918e+12  -3.918e+12  -7.195e+05 
1.735e+05  -2.431e+05  -3.918e+12  3.918e+12  7.195e+05 
6.993e-01  -7.852e-01  -7.195e+05  7.195e+05  2.518e+00 

f218w filter: 
log(z) = -2.0, log(g) = 4.5
	 Damped-oscillator fit coefficients: 
4.000e-01  -2.608e-01  4.024e-01  4.026e-01  2.088e+00 
	 Covariance matrix: 
3.539e-01  -2.635e-01  1.790e+03  -1.792e+03  1.545e+00 
-2.635e-01  1.974e-01  5.796e+03  -5.794e+03  -1.152e+00 
1.790e+03  5.796e+03  5.970e+12  -5.970e+12  5.208e+04 
-1.792e+03  -5.794e+03  -5.970e+12  5.970e+12  -5.209e+04 
1.545e+00  -1.152e+00  5.208e+04  -5.209e+04  6.776e+00 

f218w filter: 
log(z) = -2.0, log(g) = 5.0
	 Damped-oscillator fit coefficients: 
4.000e-01  -2.524e-01  4.066e-01  4.055e-01  2.080e+00 
	 Covariance matrix: 
3.666e-01  -2.645e-01  -5.526e+04  5.526e+04  1.622e+00 
-2.645e-01  1.919e-01  3.206e+04  -3.206e+04  -1.171e+00 
-5.526e+04  3.206e+04  5.861e+12  -5.861e+12  -2.411e+05 
5.526e+04  -3.206e+04  -5.861e+12  5.861e+12  2.411e+05 
1.622e+00  -1.171e+00  -2.411e+05  2.411e+05  7.203e+00 

f225w filter: 
log(z) = -2.0, log(g) = 0.0
	 Damped-oscillator fit coefficients: 
9.862e-01  1.000e+01  7.745e-05  7.742e-05  2.233e+00 
	 Covariance matrix: 
4.850e-03  2.448e+00  -2.374e-04  -2.374e-04  1.944e-01 
2.448e+00  1.239e+03  -1.203e-01  -1.203e-01  9.910e+01 
-2.374e-04  -1.203e-01  1.168e-05  1.168e-05  -9.647e-03 
-2.374e-04  -1.203e-01  1.168e-05  1.168e-05  -9.647e-03 
1.944e-01  9.910e+01  -9.647e-03  -9.647e-03  8.062e+00 

f225w filter: 
log(z) = -2.0, log(g) = 0.5
	 Damped-oscillator fit coefficients: 
9.808e-01  1.000e+01  3.308e-05  3.294e-05  2.467e+00 
	 Covariance matrix: 
5.155e-04  3.714e-01  -1.566e-05  -1.566e-05  6.468e-03 
3.714e-01  3.085e+02  -1.317e-02  -1.317e-02  5.935e+00 
-1.566e-05  -1.317e-02  5.627e-07  5.627e-07  -2.552e-04 
-1.566e-05  -1.317e-02  5.627e-07  5.627e-07  -2.552e-04 
6.468e-03  5.935e+00  -2.552e-04  -2.552e-04  1.221e-01 

f225w filter: 
log(z) = -2.0, log(g) = 1.0
	 Damped-oscillator fit coefficients: 
9.771e-01  1.000e+01  2.257e-05  2.252e-05  2.510e+00 
	 Covariance matrix: 
1.975e-04  8.044e-02  -2.127e-06  -2.127e-06  9.114e-05 
8.044e-02  3.740e+02  -1.085e-02  -1.085e-02  3.555e+00 
-2.127e-06  -1.085e-02  3.148e-07  3.148e-07  -1.038e-04 
-2.127e-06  -1.085e-02  3.148e-07  3.148e-07  -1.038e-04 
9.114e-05  3.555e+00  -1.038e-04  -1.038e-04  3.727e-02 

f225w filter: 
log(z) = -2.0, log(g) = 1.5
	 Damped-oscillator fit coefficients: 
9.727e-01  1.000e+01  1.650e-05  1.638e-05  2.532e+00 
	 Covariance matrix: 
9.366e-04  -5.816e-01  1.208e-05  1.208e-05  -3.444e-03 
-5.816e-01  6.333e+02  -1.296e-02  -1.296e-02  3.015e+00 
1.208e-05  -1.296e-02  2.651e-07  2.651e-07  -6.196e-05 
1.208e-05  -1.296e-02  2.651e-07  2.651e-07  -6.196e-05 
-3.444e-03  3.015e+00  -6.196e-05  -6.196e-05  1.626e-02 

f225w filter: 
log(z) = -2.0, log(g) = 2.0
	 Damped-oscillator fit coefficients: 
9.583e-01  1.000e+01  -2.256e-05  4.830e-05  2.562e+00 
	 Covariance matrix: 
9.967e-03  -5.866e+00  1.609e+04  -1.609e+04  -5.089e-03 
-5.866e+00  3.713e+03  -8.589e+06  8.589e+06  2.997e+00 
1.609e+04  -8.589e+06  1.015e+12  -1.015e+12  -1.461e+04 
-1.609e+04  8.589e+06  -1.015e+12  1.015e+12  1.461e+04 
-5.089e-03  2.997e+00  -1.461e+04  1.461e+04  3.059e-03 

f225w filter: 
log(z) = -2.0, log(g) = 2.5
	 Damped-oscillator fit coefficients: 
4.000e-01  -8.075e-01  2.831e-01  2.831e-01  2.080e+00 
	 Covariance matrix: 
1.370e-01  -7.654e-01  -1.391e+04  1.391e+04  6.707e-01 
-7.654e-01  9.211e+00  -1.226e+06  1.226e+06  -7.676e+00 
-1.391e+04  -1.226e+06  1.206e+13  -1.206e+13  9.469e+05 
1.391e+04  1.226e+06  -1.206e+13  1.206e+13  -9.469e+05 
6.707e-01  -7.676e+00  9.469e+05  -9.469e+05  6.417e+00 

f225w filter: 
log(z) = -2.0, log(g) = 3.0
	 Damped-oscillator fit coefficients: 
4.000e-01  -9.347e-01  2.025e-01  2.025e-01  2.224e+00 
	 Covariance matrix: 
7.067e-02  -1.802e-01  9.100e+04  -9.100e+04  1.083e-01 
-1.802e-01  5.282e-01  -1.336e+05  1.336e+05  -3.051e-01 
9.100e+04  -1.336e+05  1.186e+13  -1.186e+13  1.082e+05 
-9.100e+04  1.336e+05  -1.186e+13  1.186e+13  -1.082e+05 
1.083e-01  -3.051e-01  1.082e+05  -1.082e+05  1.814e-01 

f225w filter: 
log(z) = -2.0, log(g) = 3.5
	 Damped-oscillator fit coefficients: 
1.533e+00  5.489e+00  -1.903e-02  -6.223e-08  2.622e+00 
	 Covariance matrix: 
3.297e-01  -1.925e+00  -2.086e-02  -7.669e-08  1.530e-02 
-1.925e+00  3.428e+01  2.164e-01  4.592e-06  -1.364e-01 
-2.086e-02  2.164e-01  1.768e-03  2.177e-08  -1.295e-03 
-7.669e-08  4.592e-06  2.177e-08  7.632e-13  -1.188e-08 
1.530e-02  -1.364e-01  -1.295e-03  -1.188e-08  1.318e-03 

f225w filter: 
log(z) = -2.0, log(g) = 4.0
	 Damped-oscillator fit coefficients: 
4.000e-01  -3.722e-01  3.818e-01  3.804e-01  1.829e+00 
	 Covariance matrix: 
2.329e-01  -2.491e-01  -4.949e+04  4.949e+04  9.149e-01 
-2.491e-01  2.703e-01  8.888e+04  -8.888e+04  -9.830e-01 
-4.949e+04  8.888e+04  3.230e+12  -3.230e+12  -2.011e+05 
4.949e+04  -8.888e+04  -3.230e+12  3.230e+12  2.011e+05 
9.149e-01  -9.830e-01  -2.011e+05  2.011e+05  3.617e+00 

f225w filter: 
log(z) = -2.0, log(g) = 4.5
	 Damped-oscillator fit coefficients: 
4.000e-01  -2.460e-01  4.734e-01  4.447e-01  1.656e+00 
	 Covariance matrix: 
3.782e-01  -2.720e-01  1.274e+05  -1.274e+05  1.902e+00 
-2.720e-01  1.968e-01  -9.276e+04  9.276e+04  -1.370e+00 
1.274e+05  -9.276e+04  2.017e+12  -2.017e+12  5.975e+05 
-1.274e+05  9.276e+04  -2.017e+12  2.017e+12  -5.975e+05 
1.902e+00  -1.370e+00  5.975e+05  -5.975e+05  9.595e+00 

f225w filter: 
log(z) = -2.0, log(g) = 5.0
	 Damped-oscillator fit coefficients: 
1.537e+00  5.441e+00  -2.163e-02  -5.699e-08  2.629e+00 
	 Covariance matrix: 
1.981e-01  1.311e-03  -7.295e-03  1.450e-07  3.610e-03 
1.311e-03  2.564e+01  1.245e-01  4.272e-06  -4.200e-02 
-7.295e-03  1.245e-01  9.179e-04  1.533e-08  -4.071e-04 
1.450e-07  4.272e-06  1.533e-08  8.179e-13  -4.273e-09 
3.610e-03  -4.200e-02  -4.071e-04  -4.273e-09  3.960e-04 

f275w filter: 
log(z) = -2.0, log(g) = 0.0
	 Damped-oscillator fit coefficients: 
1.537e+00  5.441e+00  -2.163e-02  -5.699e-08  2.629e+00 
	 Covariance matrix: 
1.981e-01  1.311e-03  -7.295e-03  1.450e-07  3.610e-03 
1.311e-03  2.564e+01  1.245e-01  4.272e-06  -4.200e-02 
-7.295e-03  1.245e-01  9.179e-04  1.533e-08  -4.071e-04 
1.450e-07  4.272e-06  1.533e-08  8.179e-13  -4.273e-09 
3.610e-03  -4.200e-02  -4.071e-04  -4.273e-09  3.960e-04 

f275w filter: 
log(z) = -2.0, log(g) = 0.5
	 Damped-oscillator fit coefficients: 
9.266e-01  6.836e+00  1.135e-04  1.143e-04  2.020e+00 
	 Covariance matrix: 
5.314e-01  -1.485e+03  1.931e-01  1.931e-01  -4.410e+00 
-1.485e+03  5.000e+06  -6.503e+02  -6.503e+02  1.473e+04 
1.931e-01  -6.503e+02  8.458e-02  8.458e-02  -1.915e+00 
1.931e-01  -6.503e+02  8.458e-02  8.458e-02  -1.915e+00 
-4.410e+00  1.473e+04  -1.915e+00  -1.915e+00  4.339e+01 

f275w filter: 
log(z) = -2.0, log(g) = 1.0
	 Damped-oscillator fit coefficients: 
9.149e-01  6.526e+00  1.507e-04  1.496e-04  2.025e+00 
	 Covariance matrix: 
2.036e+00  1.513e+03  -2.525e-01  -2.525e-01  3.947e+00 
1.513e+03  1.167e+06  -1.947e+02  -1.947e+02  3.060e+03 
-2.525e-01  -1.947e+02  3.249e-02  3.249e-02  -5.106e-01 
-2.525e-01  -1.947e+02  3.249e-02  3.249e-02  -5.106e-01 
3.947e+00  3.060e+03  -5.106e-01  -5.106e-01  8.034e+00 

f275w filter: 
log(z) = -2.0, log(g) = 1.5
	 Damped-oscillator fit coefficients: 
4.000e-01  -3.994e-01  5.974e-01  5.974e-01  9.901e-01 
	 Covariance matrix: 
6.759e+01  -1.688e+02  -1.583e+07  1.583e+07  6.782e+02 
-1.688e+02  9.222e+04  -8.950e+08  8.953e+08  -3.328e+05 
-1.583e+07  -8.950e+08  2.711e+13  -2.711e+13  3.213e+09 
1.583e+07  8.953e+08  -2.711e+13  2.711e+13  -3.214e+09 
6.782e+02  -3.328e+05  3.213e+09  -3.214e+09  1.201e+06 

f275w filter: 
log(z) = -2.0, log(g) = 2.0
	 Damped-oscillator fit coefficients: 
8.738e-01  6.157e+00  2.204e-04  2.204e-04  2.036e+00 
	 Covariance matrix: 
1.160e+00  1.042e+02  -2.253e-02  -2.253e-02  1.281e-01 
1.042e+02  9.676e+03  -2.088e+00  -2.088e+00  1.222e+01 
-2.253e-02  -2.088e+00  4.506e-04  4.506e-04  -2.631e-03 
-2.253e-02  -2.088e+00  4.506e-04  4.506e-04  -2.631e-03 
1.281e-01  1.222e+01  -2.631e-03  -2.631e-03  1.623e-02 

f275w filter: 
log(z) = -2.0, log(g) = 2.5
	 Damped-oscillator fit coefficients: 
4.000e-01  -8.321e-01  8.399e-02  8.399e-02  1.893e+00 
	 Covariance matrix: 
1.291e+00  -7.084e+00  -8.800e-01  -8.800e-01  1.783e+00 
-7.084e+00  9.196e+01  1.083e+01  1.083e+01  -2.192e+01 
-8.800e-01  1.083e+01  1.281e+00  1.281e+00  -2.591e+00 
-8.800e-01  1.083e+01  1.281e+00  1.281e+00  -2.591e+00 
1.783e+00  -2.192e+01  -2.591e+00  -2.591e+00  5.243e+00 

f275w filter: 
log(z) = -2.0, log(g) = 3.0
	 Damped-oscillator fit coefficients: 
4.000e-01  -8.634e-01  7.082e-02  7.082e-02  1.916e+00 
	 Covariance matrix: 
8.203e-01  -2.106e+00  -2.413e-01  -2.413e-01  4.845e-01 
-2.106e+00  6.105e+00  6.693e-01  6.693e-01  -1.355e+00 
-2.413e-01  6.693e-01  7.597e-02  7.597e-02  -1.528e-01 
-2.413e-01  6.693e-01  7.597e-02  7.597e-02  -1.528e-01 
4.845e-01  -1.355e+00  -1.528e-01  -1.528e-01  3.078e-01 

f275w filter: 
log(z) = -2.0, log(g) = 3.5
	 Damped-oscillator fit coefficients: 
4.000e-01  -5.640e-01  1.000e-01  1.000e-01  1.852e+00 
	 Covariance matrix: 
1.422e+00  -2.363e+00  -1.154e+05  1.154e+05  1.359e+00 
-2.363e+00  4.096e+00  5.611e+05  -5.611e+05  -2.310e+00 
-1.154e+05  5.611e+05  6.516e+12  -6.516e+12  -2.477e+05 
1.154e+05  -5.611e+05  -6.516e+12  6.516e+12  2.477e+05 
1.359e+00  -2.310e+00  -2.477e+05  2.477e+05  1.324e+00 

f275w filter: 
log(z) = -2.0, log(g) = 4.0
	 Damped-oscillator fit coefficients: 
4.000e-01  -3.508e-01  1.383e-01  1.377e-01  1.770e+00 
	 Covariance matrix: 
2.409e+00  -2.494e+00  -1.759e+00  -1.759e+00  3.496e+00 
-2.494e+00  2.616e+00  1.828e+00  1.828e+00  -3.635e+00 
-1.759e+00  1.828e+00  1.290e+00  1.290e+00  -2.565e+00 
-1.759e+00  1.828e+00  1.290e+00  1.290e+00  -2.565e+00 
3.496e+00  -3.635e+00  -2.565e+00  -2.565e+00  5.099e+00 

f275w filter: 
log(z) = -2.0, log(g) = 4.5
	 Damped-oscillator fit coefficients: 
4.000e-01  -2.350e-01  1.679e-01  1.683e-01  1.705e+00 
	 Covariance matrix: 
3.539e+00  -2.474e+00  -3.010e+05  3.010e+05  6.584e+00 
-2.474e+00  1.740e+00  2.064e+05  -2.064e+05  -4.608e+00 
-3.010e+05  2.064e+05  5.659e+12  -5.659e+12  -5.663e+05 
3.010e+05  -2.064e+05  -5.659e+12  5.659e+12  5.662e+05 
6.584e+00  -4.608e+00  -5.663e+05  5.662e+05  1.228e+01 

f275w filter: 
log(z) = -2.0, log(g) = 5.0
	 Damped-oscillator fit coefficients: 
4.000e-01  -2.271e-01  1.702e-01  1.704e-01  1.700e+00 
	 Covariance matrix: 
3.643e+00  -2.464e+00  -3.460e+00  -3.460e+00  6.890e+00 
-2.464e+00  1.676e+00  2.342e+00  2.342e+00  -4.666e+00 
-3.460e+00  2.342e+00  3.293e+00  3.293e+00  -6.559e+00 
-3.460e+00  2.342e+00  3.293e+00  3.293e+00  -6.559e+00 
6.890e+00  -4.666e+00  -6.559e+00  -6.559e+00  1.306e+01 

