f218w filter: 
log(z) = 0.5, log(g) = 0.0
	 Damped-oscillator fit coefficients: 
-2.544741298843556515e-02
-1.006716908652499631e+00
-9.999997780953286952e-01
-6.350164602632660804e-01
-9.999998041608150479e-03
4.283882069014426260e-03
9.999999998968401790e-03
	 Covariance matrix: 
9.985211236611139584e-06 4.982063417034218310e-06 7.604391146468489109e-06 -1.190953094151879401e-04 1.928721854218206411e-06 -8.880850327118827373e-07 -9.304338206108782434e-07
4.982063417034218310e-06 3.028616186060277570e-04 5.813799625121580071e-04 5.202935411286970955e-05 -1.446392537471334113e-05 1.050911874519619191e-05 2.160010822361543461e-06
7.604391146468489109e-06 5.813799625121580071e-04 1.228809005310534759e-03 -4.756205180977430826e-05 -2.279402366938718892e-05 2.199250667525546820e-06 1.624251445623490071e-05
-1.190953094151879401e-04 5.202935411286970955e-05 -4.756205180977430826e-05 4.086593626090297138e-03 -1.214157092324349090e-04 9.023070566153877311e-05 3.083482381671038869e-05
1.928721854218206411e-06 -1.446392537471334113e-05 -2.279402366938718892e-05 -1.214157092324349090e-04 4.560766842126852734e-06 -3.392348926841713085e-06 -1.181822068671800109e-06
-8.880850327118828432e-07 1.050911874519619360e-05 2.199250667525547667e-06 9.023070566153877311e-05 -3.392348926841713085e-06 4.736261955806166180e-06 -1.276153116825886270e-06
-9.304338206108782434e-07 2.160010822361543885e-06 1.624251445623490071e-05 3.083482381671038869e-05 -1.181822068671799897e-06 -1.276153116825886270e-06 2.810323348250703121e-06

f218w filter: 
log(z) = 0.5, log(g) = 0.5
	 Damped-oscillator fit coefficients: 
-2.544741298843556515e-02
-1.006716908652499631e+00
-9.999997780953286952e-01
-6.350164602632660804e-01
-9.999998041608150479e-03
4.283882069014426260e-03
9.999999998968401790e-03
	 Covariance matrix: 
9.985211236611139584e-06 4.982063417034218310e-06 7.604391146468489109e-06 -1.190953094151879401e-04 1.928721854218206411e-06 -8.880850327118827373e-07 -9.304338206108782434e-07
4.982063417034218310e-06 3.028616186060277570e-04 5.813799625121580071e-04 5.202935411286970955e-05 -1.446392537471334113e-05 1.050911874519619191e-05 2.160010822361543461e-06
7.604391146468489109e-06 5.813799625121580071e-04 1.228809005310534759e-03 -4.756205180977430826e-05 -2.279402366938718892e-05 2.199250667525546820e-06 1.624251445623490071e-05
-1.190953094151879401e-04 5.202935411286970955e-05 -4.756205180977430826e-05 4.086593626090297138e-03 -1.214157092324349090e-04 9.023070566153877311e-05 3.083482381671038869e-05
1.928721854218206411e-06 -1.446392537471334113e-05 -2.279402366938718892e-05 -1.214157092324349090e-04 4.560766842126852734e-06 -3.392348926841713085e-06 -1.181822068671800109e-06
-8.880850327118828432e-07 1.050911874519619360e-05 2.199250667525547667e-06 9.023070566153877311e-05 -3.392348926841713085e-06 4.736261955806166180e-06 -1.276153116825886270e-06
-9.304338206108782434e-07 2.160010822361543885e-06 1.624251445623490071e-05 3.083482381671038869e-05 -1.181822068671799897e-06 -1.276153116825886270e-06 2.810323348250703121e-06

f218w filter: 
log(z) = 0.5, log(g) = 1.0
	 Damped-oscillator fit coefficients: 
-2.544741298843556515e-02
-1.006716908652499631e+00
-9.999997780953286952e-01
-6.350164602632660804e-01
-9.999998041608150479e-03
4.283882069014426260e-03
9.999999998968401790e-03
	 Covariance matrix: 
9.985211236611139584e-06 4.982063417034218310e-06 7.604391146468489109e-06 -1.190953094151879401e-04 1.928721854218206411e-06 -8.880850327118827373e-07 -9.304338206108782434e-07
4.982063417034218310e-06 3.028616186060277570e-04 5.813799625121580071e-04 5.202935411286970955e-05 -1.446392537471334113e-05 1.050911874519619191e-05 2.160010822361543461e-06
7.604391146468489109e-06 5.813799625121580071e-04 1.228809005310534759e-03 -4.756205180977430826e-05 -2.279402366938718892e-05 2.199250667525546820e-06 1.624251445623490071e-05
-1.190953094151879401e-04 5.202935411286970955e-05 -4.756205180977430826e-05 4.086593626090297138e-03 -1.214157092324349090e-04 9.023070566153877311e-05 3.083482381671038869e-05
1.928721854218206411e-06 -1.446392537471334113e-05 -2.279402366938718892e-05 -1.214157092324349090e-04 4.560766842126852734e-06 -3.392348926841713085e-06 -1.181822068671800109e-06
-8.880850327118828432e-07 1.050911874519619360e-05 2.199250667525547667e-06 9.023070566153877311e-05 -3.392348926841713085e-06 4.736261955806166180e-06 -1.276153116825886270e-06
-9.304338206108782434e-07 2.160010822361543885e-06 1.624251445623490071e-05 3.083482381671038869e-05 -1.181822068671799897e-06 -1.276153116825886270e-06 2.810323348250703121e-06

f218w filter: 
log(z) = 0.5, log(g) = 1.5
	 Damped-oscillator fit coefficients: 
-2.544741298843556515e-02
-1.006716908652499631e+00
-9.999997780953286952e-01
-6.350164602632660804e-01
-9.999998041608150479e-03
4.283882069014426260e-03
9.999999998968401790e-03
	 Covariance matrix: 
9.985211236611139584e-06 4.982063417034218310e-06 7.604391146468489109e-06 -1.190953094151879401e-04 1.928721854218206411e-06 -8.880850327118827373e-07 -9.304338206108782434e-07
4.982063417034218310e-06 3.028616186060277570e-04 5.813799625121580071e-04 5.202935411286970955e-05 -1.446392537471334113e-05 1.050911874519619191e-05 2.160010822361543461e-06
7.604391146468489109e-06 5.813799625121580071e-04 1.228809005310534759e-03 -4.756205180977430826e-05 -2.279402366938718892e-05 2.199250667525546820e-06 1.624251445623490071e-05
-1.190953094151879401e-04 5.202935411286970955e-05 -4.756205180977430826e-05 4.086593626090297138e-03 -1.214157092324349090e-04 9.023070566153877311e-05 3.083482381671038869e-05
1.928721854218206411e-06 -1.446392537471334113e-05 -2.279402366938718892e-05 -1.214157092324349090e-04 4.560766842126852734e-06 -3.392348926841713085e-06 -1.181822068671800109e-06
-8.880850327118828432e-07 1.050911874519619360e-05 2.199250667525547667e-06 9.023070566153877311e-05 -3.392348926841713085e-06 4.736261955806166180e-06 -1.276153116825886270e-06
-9.304338206108782434e-07 2.160010822361543885e-06 1.624251445623490071e-05 3.083482381671038869e-05 -1.181822068671799897e-06 -1.276153116825886270e-06 2.810323348250703121e-06

f218w filter: 
log(z) = 0.5, log(g) = 2.0
	 Damped-oscillator fit coefficients: 
-2.544741298843556515e-02
-1.006716908652499631e+00
-9.999997780953286952e-01
-6.350164602632660804e-01
-9.999998041608150479e-03
4.283882069014426260e-03
9.999999998968401790e-03
	 Covariance matrix: 
9.985211236611139584e-06 4.982063417034218310e-06 7.604391146468489109e-06 -1.190953094151879401e-04 1.928721854218206411e-06 -8.880850327118827373e-07 -9.304338206108782434e-07
4.982063417034218310e-06 3.028616186060277570e-04 5.813799625121580071e-04 5.202935411286970955e-05 -1.446392537471334113e-05 1.050911874519619191e-05 2.160010822361543461e-06
7.604391146468489109e-06 5.813799625121580071e-04 1.228809005310534759e-03 -4.756205180977430826e-05 -2.279402366938718892e-05 2.199250667525546820e-06 1.624251445623490071e-05
-1.190953094151879401e-04 5.202935411286970955e-05 -4.756205180977430826e-05 4.086593626090297138e-03 -1.214157092324349090e-04 9.023070566153877311e-05 3.083482381671038869e-05
1.928721854218206411e-06 -1.446392537471334113e-05 -2.279402366938718892e-05 -1.214157092324349090e-04 4.560766842126852734e-06 -3.392348926841713085e-06 -1.181822068671800109e-06
-8.880850327118828432e-07 1.050911874519619360e-05 2.199250667525547667e-06 9.023070566153877311e-05 -3.392348926841713085e-06 4.736261955806166180e-06 -1.276153116825886270e-06
-9.304338206108782434e-07 2.160010822361543885e-06 1.624251445623490071e-05 3.083482381671038869e-05 -1.181822068671799897e-06 -1.276153116825886270e-06 2.810323348250703121e-06

f218w filter: 
log(z) = 0.5, log(g) = 2.5
	 Damped-oscillator fit coefficients: 
-2.544741298843556515e-02
-1.006716908652499631e+00
-9.999997780953286952e-01
-6.350164602632660804e-01
-9.999998041608150479e-03
4.283882069014426260e-03
9.999999998968401790e-03
	 Covariance matrix: 
9.985211236611139584e-06 4.982063417034218310e-06 7.604391146468489109e-06 -1.190953094151879401e-04 1.928721854218206411e-06 -8.880850327118827373e-07 -9.304338206108782434e-07
4.982063417034218310e-06 3.028616186060277570e-04 5.813799625121580071e-04 5.202935411286970955e-05 -1.446392537471334113e-05 1.050911874519619191e-05 2.160010822361543461e-06
7.604391146468489109e-06 5.813799625121580071e-04 1.228809005310534759e-03 -4.756205180977430826e-05 -2.279402366938718892e-05 2.199250667525546820e-06 1.624251445623490071e-05
-1.190953094151879401e-04 5.202935411286970955e-05 -4.756205180977430826e-05 4.086593626090297138e-03 -1.214157092324349090e-04 9.023070566153877311e-05 3.083482381671038869e-05
1.928721854218206411e-06 -1.446392537471334113e-05 -2.279402366938718892e-05 -1.214157092324349090e-04 4.560766842126852734e-06 -3.392348926841713085e-06 -1.181822068671800109e-06
-8.880850327118828432e-07 1.050911874519619360e-05 2.199250667525547667e-06 9.023070566153877311e-05 -3.392348926841713085e-06 4.736261955806166180e-06 -1.276153116825886270e-06
-9.304338206108782434e-07 2.160010822361543885e-06 1.624251445623490071e-05 3.083482381671038869e-05 -1.181822068671799897e-06 -1.276153116825886270e-06 2.810323348250703121e-06

f218w filter: 
log(z) = 0.5, log(g) = 3.0
	 Damped-oscillator fit coefficients: 
-2.544741298843556515e-02
-1.006716908652499631e+00
-9.999997780953286952e-01
-6.350164602632660804e-01
-9.999998041608150479e-03
4.283882069014426260e-03
9.999999998968401790e-03
	 Covariance matrix: 
9.985211236611139584e-06 4.982063417034218310e-06 7.604391146468489109e-06 -1.190953094151879401e-04 1.928721854218206411e-06 -8.880850327118827373e-07 -9.304338206108782434e-07
4.982063417034218310e-06 3.028616186060277570e-04 5.813799625121580071e-04 5.202935411286970955e-05 -1.446392537471334113e-05 1.050911874519619191e-05 2.160010822361543461e-06
7.604391146468489109e-06 5.813799625121580071e-04 1.228809005310534759e-03 -4.756205180977430826e-05 -2.279402366938718892e-05 2.199250667525546820e-06 1.624251445623490071e-05
-1.190953094151879401e-04 5.202935411286970955e-05 -4.756205180977430826e-05 4.086593626090297138e-03 -1.214157092324349090e-04 9.023070566153877311e-05 3.083482381671038869e-05
1.928721854218206411e-06 -1.446392537471334113e-05 -2.279402366938718892e-05 -1.214157092324349090e-04 4.560766842126852734e-06 -3.392348926841713085e-06 -1.181822068671800109e-06
-8.880850327118828432e-07 1.050911874519619360e-05 2.199250667525547667e-06 9.023070566153877311e-05 -3.392348926841713085e-06 4.736261955806166180e-06 -1.276153116825886270e-06
-9.304338206108782434e-07 2.160010822361543885e-06 1.624251445623490071e-05 3.083482381671038869e-05 -1.181822068671799897e-06 -1.276153116825886270e-06 2.810323348250703121e-06

f218w filter: 
log(z) = 0.5, log(g) = 3.5
	 Damped-oscillator fit coefficients: 
-2.544741298843556515e-02
-1.006716908652499631e+00
-9.999997780953286952e-01
-6.350164602632660804e-01
-9.999998041608150479e-03
4.283882069014426260e-03
9.999999998968401790e-03
	 Covariance matrix: 
9.985211236611139584e-06 4.982063417034218310e-06 7.604391146468489109e-06 -1.190953094151879401e-04 1.928721854218206411e-06 -8.880850327118827373e-07 -9.304338206108782434e-07
4.982063417034218310e-06 3.028616186060277570e-04 5.813799625121580071e-04 5.202935411286970955e-05 -1.446392537471334113e-05 1.050911874519619191e-05 2.160010822361543461e-06
7.604391146468489109e-06 5.813799625121580071e-04 1.228809005310534759e-03 -4.756205180977430826e-05 -2.279402366938718892e-05 2.199250667525546820e-06 1.624251445623490071e-05
-1.190953094151879401e-04 5.202935411286970955e-05 -4.756205180977430826e-05 4.086593626090297138e-03 -1.214157092324349090e-04 9.023070566153877311e-05 3.083482381671038869e-05
1.928721854218206411e-06 -1.446392537471334113e-05 -2.279402366938718892e-05 -1.214157092324349090e-04 4.560766842126852734e-06 -3.392348926841713085e-06 -1.181822068671800109e-06
-8.880850327118828432e-07 1.050911874519619360e-05 2.199250667525547667e-06 9.023070566153877311e-05 -3.392348926841713085e-06 4.736261955806166180e-06 -1.276153116825886270e-06
-9.304338206108782434e-07 2.160010822361543885e-06 1.624251445623490071e-05 3.083482381671038869e-05 -1.181822068671799897e-06 -1.276153116825886270e-06 2.810323348250703121e-06

f218w filter: 
log(z) = 0.5, log(g) = 4.0
	 Damped-oscillator fit coefficients: 
-2.544741298843556515e-02
-1.006716908652499631e+00
-9.999997780953286952e-01
-6.350164602632660804e-01
-9.999998041608150479e-03
4.283882069014426260e-03
9.999999998968401790e-03
	 Covariance matrix: 
9.985211236611139584e-06 4.982063417034218310e-06 7.604391146468489109e-06 -1.190953094151879401e-04 1.928721854218206411e-06 -8.880850327118827373e-07 -9.304338206108782434e-07
4.982063417034218310e-06 3.028616186060277570e-04 5.813799625121580071e-04 5.202935411286970955e-05 -1.446392537471334113e-05 1.050911874519619191e-05 2.160010822361543461e-06
7.604391146468489109e-06 5.813799625121580071e-04 1.228809005310534759e-03 -4.756205180977430826e-05 -2.279402366938718892e-05 2.199250667525546820e-06 1.624251445623490071e-05
-1.190953094151879401e-04 5.202935411286970955e-05 -4.756205180977430826e-05 4.086593626090297138e-03 -1.214157092324349090e-04 9.023070566153877311e-05 3.083482381671038869e-05
1.928721854218206411e-06 -1.446392537471334113e-05 -2.279402366938718892e-05 -1.214157092324349090e-04 4.560766842126852734e-06 -3.392348926841713085e-06 -1.181822068671800109e-06
-8.880850327118828432e-07 1.050911874519619360e-05 2.199250667525547667e-06 9.023070566153877311e-05 -3.392348926841713085e-06 4.736261955806166180e-06 -1.276153116825886270e-06
-9.304338206108782434e-07 2.160010822361543885e-06 1.624251445623490071e-05 3.083482381671038869e-05 -1.181822068671799897e-06 -1.276153116825886270e-06 2.810323348250703121e-06

f218w filter: 
log(z) = 0.5, log(g) = 4.5
	 Damped-oscillator fit coefficients: 
-2.544741298843556515e-02
-1.006716908652499631e+00
-9.999997780953286952e-01
-6.350164602632660804e-01
-9.999998041608150479e-03
4.283882069014426260e-03
9.999999998968401790e-03
	 Covariance matrix: 
9.985211236611139584e-06 4.982063417034218310e-06 7.604391146468489109e-06 -1.190953094151879401e-04 1.928721854218206411e-06 -8.880850327118827373e-07 -9.304338206108782434e-07
4.982063417034218310e-06 3.028616186060277570e-04 5.813799625121580071e-04 5.202935411286970955e-05 -1.446392537471334113e-05 1.050911874519619191e-05 2.160010822361543461e-06
7.604391146468489109e-06 5.813799625121580071e-04 1.228809005310534759e-03 -4.756205180977430826e-05 -2.279402366938718892e-05 2.199250667525546820e-06 1.624251445623490071e-05
-1.190953094151879401e-04 5.202935411286970955e-05 -4.756205180977430826e-05 4.086593626090297138e-03 -1.214157092324349090e-04 9.023070566153877311e-05 3.083482381671038869e-05
1.928721854218206411e-06 -1.446392537471334113e-05 -2.279402366938718892e-05 -1.214157092324349090e-04 4.560766842126852734e-06 -3.392348926841713085e-06 -1.181822068671800109e-06
-8.880850327118828432e-07 1.050911874519619360e-05 2.199250667525547667e-06 9.023070566153877311e-05 -3.392348926841713085e-06 4.736261955806166180e-06 -1.276153116825886270e-06
-9.304338206108782434e-07 2.160010822361543885e-06 1.624251445623490071e-05 3.083482381671038869e-05 -1.181822068671799897e-06 -1.276153116825886270e-06 2.810323348250703121e-06

f218w filter: 
log(z) = 0.5, log(g) = 5.0
	 Damped-oscillator fit coefficients: 
-2.544741298843556515e-02
-1.006716908652499631e+00
-9.999997780953286952e-01
-6.350164602632660804e-01
-9.999998041608150479e-03
4.283882069014426260e-03
9.999999998968401790e-03
	 Covariance matrix: 
9.985211236611139584e-06 4.982063417034218310e-06 7.604391146468489109e-06 -1.190953094151879401e-04 1.928721854218206411e-06 -8.880850327118827373e-07 -9.304338206108782434e-07
4.982063417034218310e-06 3.028616186060277570e-04 5.813799625121580071e-04 5.202935411286970955e-05 -1.446392537471334113e-05 1.050911874519619191e-05 2.160010822361543461e-06
7.604391146468489109e-06 5.813799625121580071e-04 1.228809005310534759e-03 -4.756205180977430826e-05 -2.279402366938718892e-05 2.199250667525546820e-06 1.624251445623490071e-05
-1.190953094151879401e-04 5.202935411286970955e-05 -4.756205180977430826e-05 4.086593626090297138e-03 -1.214157092324349090e-04 9.023070566153877311e-05 3.083482381671038869e-05
1.928721854218206411e-06 -1.446392537471334113e-05 -2.279402366938718892e-05 -1.214157092324349090e-04 4.560766842126852734e-06 -3.392348926841713085e-06 -1.181822068671800109e-06
-8.880850327118828432e-07 1.050911874519619360e-05 2.199250667525547667e-06 9.023070566153877311e-05 -3.392348926841713085e-06 4.736261955806166180e-06 -1.276153116825886270e-06
-9.304338206108782434e-07 2.160010822361543885e-06 1.624251445623490071e-05 3.083482381671038869e-05 -1.181822068671799897e-06 -1.276153116825886270e-06 2.810323348250703121e-06

f225w filter: 
log(z) = 0.5, log(g) = 0.0
	 Damped-oscillator fit coefficients: 
-2.544741298843556515e-02
-1.006716908652499631e+00
-9.999997780953286952e-01
-6.350164602632660804e-01
-9.999998041608150479e-03
4.283882069014426260e-03
9.999999998968401790e-03
	 Covariance matrix: 
9.985211236611139584e-06 4.982063417034218310e-06 7.604391146468489109e-06 -1.190953094151879401e-04 1.928721854218206411e-06 -8.880850327118827373e-07 -9.304338206108782434e-07
4.982063417034218310e-06 3.028616186060277570e-04 5.813799625121580071e-04 5.202935411286970955e-05 -1.446392537471334113e-05 1.050911874519619191e-05 2.160010822361543461e-06
7.604391146468489109e-06 5.813799625121580071e-04 1.228809005310534759e-03 -4.756205180977430826e-05 -2.279402366938718892e-05 2.199250667525546820e-06 1.624251445623490071e-05
-1.190953094151879401e-04 5.202935411286970955e-05 -4.756205180977430826e-05 4.086593626090297138e-03 -1.214157092324349090e-04 9.023070566153877311e-05 3.083482381671038869e-05
1.928721854218206411e-06 -1.446392537471334113e-05 -2.279402366938718892e-05 -1.214157092324349090e-04 4.560766842126852734e-06 -3.392348926841713085e-06 -1.181822068671800109e-06
-8.880850327118828432e-07 1.050911874519619360e-05 2.199250667525547667e-06 9.023070566153877311e-05 -3.392348926841713085e-06 4.736261955806166180e-06 -1.276153116825886270e-06
-9.304338206108782434e-07 2.160010822361543885e-06 1.624251445623490071e-05 3.083482381671038869e-05 -1.181822068671799897e-06 -1.276153116825886270e-06 2.810323348250703121e-06

f225w filter: 
log(z) = 0.5, log(g) = 0.5
	 Damped-oscillator fit coefficients: 
-2.544741298843556515e-02
-1.006716908652499631e+00
-9.999997780953286952e-01
-6.350164602632660804e-01
-9.999998041608150479e-03
4.283882069014426260e-03
9.999999998968401790e-03
	 Covariance matrix: 
9.985211236611139584e-06 4.982063417034218310e-06 7.604391146468489109e-06 -1.190953094151879401e-04 1.928721854218206411e-06 -8.880850327118827373e-07 -9.304338206108782434e-07
4.982063417034218310e-06 3.028616186060277570e-04 5.813799625121580071e-04 5.202935411286970955e-05 -1.446392537471334113e-05 1.050911874519619191e-05 2.160010822361543461e-06
7.604391146468489109e-06 5.813799625121580071e-04 1.228809005310534759e-03 -4.756205180977430826e-05 -2.279402366938718892e-05 2.199250667525546820e-06 1.624251445623490071e-05
-1.190953094151879401e-04 5.202935411286970955e-05 -4.756205180977430826e-05 4.086593626090297138e-03 -1.214157092324349090e-04 9.023070566153877311e-05 3.083482381671038869e-05
1.928721854218206411e-06 -1.446392537471334113e-05 -2.279402366938718892e-05 -1.214157092324349090e-04 4.560766842126852734e-06 -3.392348926841713085e-06 -1.181822068671800109e-06
-8.880850327118828432e-07 1.050911874519619360e-05 2.199250667525547667e-06 9.023070566153877311e-05 -3.392348926841713085e-06 4.736261955806166180e-06 -1.276153116825886270e-06
-9.304338206108782434e-07 2.160010822361543885e-06 1.624251445623490071e-05 3.083482381671038869e-05 -1.181822068671799897e-06 -1.276153116825886270e-06 2.810323348250703121e-06

f225w filter: 
log(z) = 0.5, log(g) = 1.0
	 Damped-oscillator fit coefficients: 
-2.544741298843556515e-02
-1.006716908652499631e+00
-9.999997780953286952e-01
-6.350164602632660804e-01
-9.999998041608150479e-03
4.283882069014426260e-03
9.999999998968401790e-03
	 Covariance matrix: 
9.985211236611139584e-06 4.982063417034218310e-06 7.604391146468489109e-06 -1.190953094151879401e-04 1.928721854218206411e-06 -8.880850327118827373e-07 -9.304338206108782434e-07
4.982063417034218310e-06 3.028616186060277570e-04 5.813799625121580071e-04 5.202935411286970955e-05 -1.446392537471334113e-05 1.050911874519619191e-05 2.160010822361543461e-06
7.604391146468489109e-06 5.813799625121580071e-04 1.228809005310534759e-03 -4.756205180977430826e-05 -2.279402366938718892e-05 2.199250667525546820e-06 1.624251445623490071e-05
-1.190953094151879401e-04 5.202935411286970955e-05 -4.756205180977430826e-05 4.086593626090297138e-03 -1.214157092324349090e-04 9.023070566153877311e-05 3.083482381671038869e-05
1.928721854218206411e-06 -1.446392537471334113e-05 -2.279402366938718892e-05 -1.214157092324349090e-04 4.560766842126852734e-06 -3.392348926841713085e-06 -1.181822068671800109e-06
-8.880850327118828432e-07 1.050911874519619360e-05 2.199250667525547667e-06 9.023070566153877311e-05 -3.392348926841713085e-06 4.736261955806166180e-06 -1.276153116825886270e-06
-9.304338206108782434e-07 2.160010822361543885e-06 1.624251445623490071e-05 3.083482381671038869e-05 -1.181822068671799897e-06 -1.276153116825886270e-06 2.810323348250703121e-06

f225w filter: 
log(z) = 0.5, log(g) = 1.5
	 Damped-oscillator fit coefficients: 
-2.544741298843556515e-02
-1.006716908652499631e+00
-9.999997780953286952e-01
-6.350164602632660804e-01
-9.999998041608150479e-03
4.283882069014426260e-03
9.999999998968401790e-03
	 Covariance matrix: 
9.985211236611139584e-06 4.982063417034218310e-06 7.604391146468489109e-06 -1.190953094151879401e-04 1.928721854218206411e-06 -8.880850327118827373e-07 -9.304338206108782434e-07
4.982063417034218310e-06 3.028616186060277570e-04 5.813799625121580071e-04 5.202935411286970955e-05 -1.446392537471334113e-05 1.050911874519619191e-05 2.160010822361543461e-06
7.604391146468489109e-06 5.813799625121580071e-04 1.228809005310534759e-03 -4.756205180977430826e-05 -2.279402366938718892e-05 2.199250667525546820e-06 1.624251445623490071e-05
-1.190953094151879401e-04 5.202935411286970955e-05 -4.756205180977430826e-05 4.086593626090297138e-03 -1.214157092324349090e-04 9.023070566153877311e-05 3.083482381671038869e-05
1.928721854218206411e-06 -1.446392537471334113e-05 -2.279402366938718892e-05 -1.214157092324349090e-04 4.560766842126852734e-06 -3.392348926841713085e-06 -1.181822068671800109e-06
-8.880850327118828432e-07 1.050911874519619360e-05 2.199250667525547667e-06 9.023070566153877311e-05 -3.392348926841713085e-06 4.736261955806166180e-06 -1.276153116825886270e-06
-9.304338206108782434e-07 2.160010822361543885e-06 1.624251445623490071e-05 3.083482381671038869e-05 -1.181822068671799897e-06 -1.276153116825886270e-06 2.810323348250703121e-06

f225w filter: 
log(z) = 0.5, log(g) = 2.0
	 Damped-oscillator fit coefficients: 
-2.544741298843556515e-02
-1.006716908652499631e+00
-9.999997780953286952e-01
-6.350164602632660804e-01
-9.999998041608150479e-03
4.283882069014426260e-03
9.999999998968401790e-03
	 Covariance matrix: 
9.985211236611139584e-06 4.982063417034218310e-06 7.604391146468489109e-06 -1.190953094151879401e-04 1.928721854218206411e-06 -8.880850327118827373e-07 -9.304338206108782434e-07
4.982063417034218310e-06 3.028616186060277570e-04 5.813799625121580071e-04 5.202935411286970955e-05 -1.446392537471334113e-05 1.050911874519619191e-05 2.160010822361543461e-06
7.604391146468489109e-06 5.813799625121580071e-04 1.228809005310534759e-03 -4.756205180977430826e-05 -2.279402366938718892e-05 2.199250667525546820e-06 1.624251445623490071e-05
-1.190953094151879401e-04 5.202935411286970955e-05 -4.756205180977430826e-05 4.086593626090297138e-03 -1.214157092324349090e-04 9.023070566153877311e-05 3.083482381671038869e-05
1.928721854218206411e-06 -1.446392537471334113e-05 -2.279402366938718892e-05 -1.214157092324349090e-04 4.560766842126852734e-06 -3.392348926841713085e-06 -1.181822068671800109e-06
-8.880850327118828432e-07 1.050911874519619360e-05 2.199250667525547667e-06 9.023070566153877311e-05 -3.392348926841713085e-06 4.736261955806166180e-06 -1.276153116825886270e-06
-9.304338206108782434e-07 2.160010822361543885e-06 1.624251445623490071e-05 3.083482381671038869e-05 -1.181822068671799897e-06 -1.276153116825886270e-06 2.810323348250703121e-06

f225w filter: 
log(z) = 0.5, log(g) = 2.5
	 Damped-oscillator fit coefficients: 
-2.544741298843556515e-02
-1.006716908652499631e+00
-9.999997780953286952e-01
-6.350164602632660804e-01
-9.999998041608150479e-03
4.283882069014426260e-03
9.999999998968401790e-03
	 Covariance matrix: 
9.985211236611139584e-06 4.982063417034218310e-06 7.604391146468489109e-06 -1.190953094151879401e-04 1.928721854218206411e-06 -8.880850327118827373e-07 -9.304338206108782434e-07
4.982063417034218310e-06 3.028616186060277570e-04 5.813799625121580071e-04 5.202935411286970955e-05 -1.446392537471334113e-05 1.050911874519619191e-05 2.160010822361543461e-06
7.604391146468489109e-06 5.813799625121580071e-04 1.228809005310534759e-03 -4.756205180977430826e-05 -2.279402366938718892e-05 2.199250667525546820e-06 1.624251445623490071e-05
-1.190953094151879401e-04 5.202935411286970955e-05 -4.756205180977430826e-05 4.086593626090297138e-03 -1.214157092324349090e-04 9.023070566153877311e-05 3.083482381671038869e-05
1.928721854218206411e-06 -1.446392537471334113e-05 -2.279402366938718892e-05 -1.214157092324349090e-04 4.560766842126852734e-06 -3.392348926841713085e-06 -1.181822068671800109e-06
-8.880850327118828432e-07 1.050911874519619360e-05 2.199250667525547667e-06 9.023070566153877311e-05 -3.392348926841713085e-06 4.736261955806166180e-06 -1.276153116825886270e-06
-9.304338206108782434e-07 2.160010822361543885e-06 1.624251445623490071e-05 3.083482381671038869e-05 -1.181822068671799897e-06 -1.276153116825886270e-06 2.810323348250703121e-06

f225w filter: 
log(z) = 0.5, log(g) = 3.0
	 Damped-oscillator fit coefficients: 
-2.544741298843556515e-02
-1.006716908652499631e+00
-9.999997780953286952e-01
-6.350164602632660804e-01
-9.999998041608150479e-03
4.283882069014426260e-03
9.999999998968401790e-03
	 Covariance matrix: 
9.985211236611139584e-06 4.982063417034218310e-06 7.604391146468489109e-06 -1.190953094151879401e-04 1.928721854218206411e-06 -8.880850327118827373e-07 -9.304338206108782434e-07
4.982063417034218310e-06 3.028616186060277570e-04 5.813799625121580071e-04 5.202935411286970955e-05 -1.446392537471334113e-05 1.050911874519619191e-05 2.160010822361543461e-06
7.604391146468489109e-06 5.813799625121580071e-04 1.228809005310534759e-03 -4.756205180977430826e-05 -2.279402366938718892e-05 2.199250667525546820e-06 1.624251445623490071e-05
-1.190953094151879401e-04 5.202935411286970955e-05 -4.756205180977430826e-05 4.086593626090297138e-03 -1.214157092324349090e-04 9.023070566153877311e-05 3.083482381671038869e-05
1.928721854218206411e-06 -1.446392537471334113e-05 -2.279402366938718892e-05 -1.214157092324349090e-04 4.560766842126852734e-06 -3.392348926841713085e-06 -1.181822068671800109e-06
-8.880850327118828432e-07 1.050911874519619360e-05 2.199250667525547667e-06 9.023070566153877311e-05 -3.392348926841713085e-06 4.736261955806166180e-06 -1.276153116825886270e-06
-9.304338206108782434e-07 2.160010822361543885e-06 1.624251445623490071e-05 3.083482381671038869e-05 -1.181822068671799897e-06 -1.276153116825886270e-06 2.810323348250703121e-06

f225w filter: 
log(z) = 0.5, log(g) = 3.5
	 Damped-oscillator fit coefficients: 
-2.544741298843556515e-02
-1.006716908652499631e+00
-9.999997780953286952e-01
-6.350164602632660804e-01
-9.999998041608150479e-03
4.283882069014426260e-03
9.999999998968401790e-03
	 Covariance matrix: 
9.985211236611139584e-06 4.982063417034218310e-06 7.604391146468489109e-06 -1.190953094151879401e-04 1.928721854218206411e-06 -8.880850327118827373e-07 -9.304338206108782434e-07
4.982063417034218310e-06 3.028616186060277570e-04 5.813799625121580071e-04 5.202935411286970955e-05 -1.446392537471334113e-05 1.050911874519619191e-05 2.160010822361543461e-06
7.604391146468489109e-06 5.813799625121580071e-04 1.228809005310534759e-03 -4.756205180977430826e-05 -2.279402366938718892e-05 2.199250667525546820e-06 1.624251445623490071e-05
-1.190953094151879401e-04 5.202935411286970955e-05 -4.756205180977430826e-05 4.086593626090297138e-03 -1.214157092324349090e-04 9.023070566153877311e-05 3.083482381671038869e-05
1.928721854218206411e-06 -1.446392537471334113e-05 -2.279402366938718892e-05 -1.214157092324349090e-04 4.560766842126852734e-06 -3.392348926841713085e-06 -1.181822068671800109e-06
-8.880850327118828432e-07 1.050911874519619360e-05 2.199250667525547667e-06 9.023070566153877311e-05 -3.392348926841713085e-06 4.736261955806166180e-06 -1.276153116825886270e-06
-9.304338206108782434e-07 2.160010822361543885e-06 1.624251445623490071e-05 3.083482381671038869e-05 -1.181822068671799897e-06 -1.276153116825886270e-06 2.810323348250703121e-06

f225w filter: 
log(z) = 0.5, log(g) = 4.0
	 Damped-oscillator fit coefficients: 
-2.544741298843556515e-02
-1.006716908652499631e+00
-9.999997780953286952e-01
-6.350164602632660804e-01
-9.999998041608150479e-03
4.283882069014426260e-03
9.999999998968401790e-03
	 Covariance matrix: 
9.985211236611139584e-06 4.982063417034218310e-06 7.604391146468489109e-06 -1.190953094151879401e-04 1.928721854218206411e-06 -8.880850327118827373e-07 -9.304338206108782434e-07
4.982063417034218310e-06 3.028616186060277570e-04 5.813799625121580071e-04 5.202935411286970955e-05 -1.446392537471334113e-05 1.050911874519619191e-05 2.160010822361543461e-06
7.604391146468489109e-06 5.813799625121580071e-04 1.228809005310534759e-03 -4.756205180977430826e-05 -2.279402366938718892e-05 2.199250667525546820e-06 1.624251445623490071e-05
-1.190953094151879401e-04 5.202935411286970955e-05 -4.756205180977430826e-05 4.086593626090297138e-03 -1.214157092324349090e-04 9.023070566153877311e-05 3.083482381671038869e-05
1.928721854218206411e-06 -1.446392537471334113e-05 -2.279402366938718892e-05 -1.214157092324349090e-04 4.560766842126852734e-06 -3.392348926841713085e-06 -1.181822068671800109e-06
-8.880850327118828432e-07 1.050911874519619360e-05 2.199250667525547667e-06 9.023070566153877311e-05 -3.392348926841713085e-06 4.736261955806166180e-06 -1.276153116825886270e-06
-9.304338206108782434e-07 2.160010822361543885e-06 1.624251445623490071e-05 3.083482381671038869e-05 -1.181822068671799897e-06 -1.276153116825886270e-06 2.810323348250703121e-06

f225w filter: 
log(z) = 0.5, log(g) = 4.5
	 Damped-oscillator fit coefficients: 
-2.544741298843556515e-02
-1.006716908652499631e+00
-9.999997780953286952e-01
-6.350164602632660804e-01
-9.999998041608150479e-03
4.283882069014426260e-03
9.999999998968401790e-03
	 Covariance matrix: 
9.985211236611139584e-06 4.982063417034218310e-06 7.604391146468489109e-06 -1.190953094151879401e-04 1.928721854218206411e-06 -8.880850327118827373e-07 -9.304338206108782434e-07
4.982063417034218310e-06 3.028616186060277570e-04 5.813799625121580071e-04 5.202935411286970955e-05 -1.446392537471334113e-05 1.050911874519619191e-05 2.160010822361543461e-06
7.604391146468489109e-06 5.813799625121580071e-04 1.228809005310534759e-03 -4.756205180977430826e-05 -2.279402366938718892e-05 2.199250667525546820e-06 1.624251445623490071e-05
-1.190953094151879401e-04 5.202935411286970955e-05 -4.756205180977430826e-05 4.086593626090297138e-03 -1.214157092324349090e-04 9.023070566153877311e-05 3.083482381671038869e-05
1.928721854218206411e-06 -1.446392537471334113e-05 -2.279402366938718892e-05 -1.214157092324349090e-04 4.560766842126852734e-06 -3.392348926841713085e-06 -1.181822068671800109e-06
-8.880850327118828432e-07 1.050911874519619360e-05 2.199250667525547667e-06 9.023070566153877311e-05 -3.392348926841713085e-06 4.736261955806166180e-06 -1.276153116825886270e-06
-9.304338206108782434e-07 2.160010822361543885e-06 1.624251445623490071e-05 3.083482381671038869e-05 -1.181822068671799897e-06 -1.276153116825886270e-06 2.810323348250703121e-06

f225w filter: 
log(z) = 0.5, log(g) = 5.0
	 Damped-oscillator fit coefficients: 
-2.544741298843556515e-02
-1.006716908652499631e+00
-9.999997780953286952e-01
-6.350164602632660804e-01
-9.999998041608150479e-03
4.283882069014426260e-03
9.999999998968401790e-03
	 Covariance matrix: 
9.985211236611139584e-06 4.982063417034218310e-06 7.604391146468489109e-06 -1.190953094151879401e-04 1.928721854218206411e-06 -8.880850327118827373e-07 -9.304338206108782434e-07
4.982063417034218310e-06 3.028616186060277570e-04 5.813799625121580071e-04 5.202935411286970955e-05 -1.446392537471334113e-05 1.050911874519619191e-05 2.160010822361543461e-06
7.604391146468489109e-06 5.813799625121580071e-04 1.228809005310534759e-03 -4.756205180977430826e-05 -2.279402366938718892e-05 2.199250667525546820e-06 1.624251445623490071e-05
-1.190953094151879401e-04 5.202935411286970955e-05 -4.756205180977430826e-05 4.086593626090297138e-03 -1.214157092324349090e-04 9.023070566153877311e-05 3.083482381671038869e-05
1.928721854218206411e-06 -1.446392537471334113e-05 -2.279402366938718892e-05 -1.214157092324349090e-04 4.560766842126852734e-06 -3.392348926841713085e-06 -1.181822068671800109e-06
-8.880850327118828432e-07 1.050911874519619360e-05 2.199250667525547667e-06 9.023070566153877311e-05 -3.392348926841713085e-06 4.736261955806166180e-06 -1.276153116825886270e-06
-9.304338206108782434e-07 2.160010822361543885e-06 1.624251445623490071e-05 3.083482381671038869e-05 -1.181822068671799897e-06 -1.276153116825886270e-06 2.810323348250703121e-06

f275w filter: 
log(z) = 0.5, log(g) = 0.0
	 Damped-oscillator fit coefficients: 
-2.544741298843556515e-02
-1.006716908652499631e+00
-9.999997780953286952e-01
-6.350164602632660804e-01
-9.999998041608150479e-03
4.283882069014426260e-03
9.999999998968401790e-03
	 Covariance matrix: 
9.985211236611139584e-06 4.982063417034218310e-06 7.604391146468489109e-06 -1.190953094151879401e-04 1.928721854218206411e-06 -8.880850327118827373e-07 -9.304338206108782434e-07
4.982063417034218310e-06 3.028616186060277570e-04 5.813799625121580071e-04 5.202935411286970955e-05 -1.446392537471334113e-05 1.050911874519619191e-05 2.160010822361543461e-06
7.604391146468489109e-06 5.813799625121580071e-04 1.228809005310534759e-03 -4.756205180977430826e-05 -2.279402366938718892e-05 2.199250667525546820e-06 1.624251445623490071e-05
-1.190953094151879401e-04 5.202935411286970955e-05 -4.756205180977430826e-05 4.086593626090297138e-03 -1.214157092324349090e-04 9.023070566153877311e-05 3.083482381671038869e-05
1.928721854218206411e-06 -1.446392537471334113e-05 -2.279402366938718892e-05 -1.214157092324349090e-04 4.560766842126852734e-06 -3.392348926841713085e-06 -1.181822068671800109e-06
-8.880850327118828432e-07 1.050911874519619360e-05 2.199250667525547667e-06 9.023070566153877311e-05 -3.392348926841713085e-06 4.736261955806166180e-06 -1.276153116825886270e-06
-9.304338206108782434e-07 2.160010822361543885e-06 1.624251445623490071e-05 3.083482381671038869e-05 -1.181822068671799897e-06 -1.276153116825886270e-06 2.810323348250703121e-06

f275w filter: 
log(z) = 0.5, log(g) = 0.5
	 Damped-oscillator fit coefficients: 
-2.544741298843556515e-02
-1.006716908652499631e+00
-9.999997780953286952e-01
-6.350164602632660804e-01
-9.999998041608150479e-03
4.283882069014426260e-03
9.999999998968401790e-03
	 Covariance matrix: 
9.985211236611139584e-06 4.982063417034218310e-06 7.604391146468489109e-06 -1.190953094151879401e-04 1.928721854218206411e-06 -8.880850327118827373e-07 -9.304338206108782434e-07
4.982063417034218310e-06 3.028616186060277570e-04 5.813799625121580071e-04 5.202935411286970955e-05 -1.446392537471334113e-05 1.050911874519619191e-05 2.160010822361543461e-06
7.604391146468489109e-06 5.813799625121580071e-04 1.228809005310534759e-03 -4.756205180977430826e-05 -2.279402366938718892e-05 2.199250667525546820e-06 1.624251445623490071e-05
-1.190953094151879401e-04 5.202935411286970955e-05 -4.756205180977430826e-05 4.086593626090297138e-03 -1.214157092324349090e-04 9.023070566153877311e-05 3.083482381671038869e-05
1.928721854218206411e-06 -1.446392537471334113e-05 -2.279402366938718892e-05 -1.214157092324349090e-04 4.560766842126852734e-06 -3.392348926841713085e-06 -1.181822068671800109e-06
-8.880850327118828432e-07 1.050911874519619360e-05 2.199250667525547667e-06 9.023070566153877311e-05 -3.392348926841713085e-06 4.736261955806166180e-06 -1.276153116825886270e-06
-9.304338206108782434e-07 2.160010822361543885e-06 1.624251445623490071e-05 3.083482381671038869e-05 -1.181822068671799897e-06 -1.276153116825886270e-06 2.810323348250703121e-06

f275w filter: 
log(z) = 0.5, log(g) = 1.0
	 Damped-oscillator fit coefficients: 
-2.544741298843556515e-02
-1.006716908652499631e+00
-9.999997780953286952e-01
-6.350164602632660804e-01
-9.999998041608150479e-03
4.283882069014426260e-03
9.999999998968401790e-03
	 Covariance matrix: 
9.985211236611139584e-06 4.982063417034218310e-06 7.604391146468489109e-06 -1.190953094151879401e-04 1.928721854218206411e-06 -8.880850327118827373e-07 -9.304338206108782434e-07
4.982063417034218310e-06 3.028616186060277570e-04 5.813799625121580071e-04 5.202935411286970955e-05 -1.446392537471334113e-05 1.050911874519619191e-05 2.160010822361543461e-06
7.604391146468489109e-06 5.813799625121580071e-04 1.228809005310534759e-03 -4.756205180977430826e-05 -2.279402366938718892e-05 2.199250667525546820e-06 1.624251445623490071e-05
-1.190953094151879401e-04 5.202935411286970955e-05 -4.756205180977430826e-05 4.086593626090297138e-03 -1.214157092324349090e-04 9.023070566153877311e-05 3.083482381671038869e-05
1.928721854218206411e-06 -1.446392537471334113e-05 -2.279402366938718892e-05 -1.214157092324349090e-04 4.560766842126852734e-06 -3.392348926841713085e-06 -1.181822068671800109e-06
-8.880850327118828432e-07 1.050911874519619360e-05 2.199250667525547667e-06 9.023070566153877311e-05 -3.392348926841713085e-06 4.736261955806166180e-06 -1.276153116825886270e-06
-9.304338206108782434e-07 2.160010822361543885e-06 1.624251445623490071e-05 3.083482381671038869e-05 -1.181822068671799897e-06 -1.276153116825886270e-06 2.810323348250703121e-06

f275w filter: 
log(z) = 0.5, log(g) = 1.5
	 Damped-oscillator fit coefficients: 
-2.544741298843556515e-02
-1.006716908652499631e+00
-9.999997780953286952e-01
-6.350164602632660804e-01
-9.999998041608150479e-03
4.283882069014426260e-03
9.999999998968401790e-03
	 Covariance matrix: 
9.985211236611139584e-06 4.982063417034218310e-06 7.604391146468489109e-06 -1.190953094151879401e-04 1.928721854218206411e-06 -8.880850327118827373e-07 -9.304338206108782434e-07
4.982063417034218310e-06 3.028616186060277570e-04 5.813799625121580071e-04 5.202935411286970955e-05 -1.446392537471334113e-05 1.050911874519619191e-05 2.160010822361543461e-06
7.604391146468489109e-06 5.813799625121580071e-04 1.228809005310534759e-03 -4.756205180977430826e-05 -2.279402366938718892e-05 2.199250667525546820e-06 1.624251445623490071e-05
-1.190953094151879401e-04 5.202935411286970955e-05 -4.756205180977430826e-05 4.086593626090297138e-03 -1.214157092324349090e-04 9.023070566153877311e-05 3.083482381671038869e-05
1.928721854218206411e-06 -1.446392537471334113e-05 -2.279402366938718892e-05 -1.214157092324349090e-04 4.560766842126852734e-06 -3.392348926841713085e-06 -1.181822068671800109e-06
-8.880850327118828432e-07 1.050911874519619360e-05 2.199250667525547667e-06 9.023070566153877311e-05 -3.392348926841713085e-06 4.736261955806166180e-06 -1.276153116825886270e-06
-9.304338206108782434e-07 2.160010822361543885e-06 1.624251445623490071e-05 3.083482381671038869e-05 -1.181822068671799897e-06 -1.276153116825886270e-06 2.810323348250703121e-06

f275w filter: 
log(z) = 0.5, log(g) = 2.0
	 Damped-oscillator fit coefficients: 
-2.544741298843556515e-02
-1.006716908652499631e+00
-9.999997780953286952e-01
-6.350164602632660804e-01
-9.999998041608150479e-03
4.283882069014426260e-03
