f218w filter: 
log(z) = 0.5, log(g) = 0.0
	 Damped-oscillator fit coefficients: 
9.938e-01  8.987e+00  -1.123e-05  -1.123e-05  4.999e-01 
	 Covariance matrix: 
2.531e-04  1.955e-01  3.598e-06  3.598e-06  -5.915e-02 
1.955e-01  1.510e+02  2.780e-03  2.780e-03  -4.573e+01 
3.598e-06  2.780e-03  5.117e-08  5.117e-08  -8.433e-04 
3.598e-06  2.780e-03  5.117e-08  5.117e-08  -8.433e-04 
-5.915e-02  -4.573e+01  -8.433e-04  -8.433e-04  1.406e+01 

f218w filter: 
log(z) = 0.5, log(g) = 0.5
	 Damped-oscillator fit coefficients: 
9.950e-01  1.000e+01  4.930e-02  -4.931e-02  4.121e-01 
	 Covariance matrix: 
5.792e-06  5.965e-03  2.673e-01  -2.673e-01  -7.476e-04 
5.965e-03  6.144e+00  2.729e+02  -2.729e+02  -7.706e-01 
2.673e-01  2.729e+02  3.214e+05  -3.214e+05  -3.325e+01 
-2.673e-01  -2.729e+02  -3.214e+05  3.214e+05  3.325e+01 
-7.476e-04  -7.706e-01  -3.325e+01  3.325e+01  1.054e-01 

f218w filter: 
log(z) = 0.5, log(g) = 1.0
	 Damped-oscillator fit coefficients: 
3.000e+00  2.002e-01  2.000e-01  -1.892e-01  5.000e-01 
	 Covariance matrix: 
5.451e+13  -3.857e+12  7.596e+12  6.707e+09  -7.604e+12 
-3.857e+12  2.729e+11  -5.375e+11  -4.746e+08  5.381e+11 
7.596e+12  -5.375e+11  1.059e+12  9.346e+08  -1.060e+12 
6.707e+09  -4.746e+08  9.346e+08  8.290e+05  -9.355e+08 
-7.604e+12  5.381e+11  -1.060e+12  -9.355e+08  1.061e+12 

f218w filter: 
log(z) = 0.5, log(g) = 1.5
	 Damped-oscillator fit coefficients: 
3.000e+00  1.904e-01  2.000e-01  -2.000e-01  5.000e-01 
	 Covariance matrix: 
9.791e+13  -6.588e+12  1.360e+13  1.311e+10  -1.361e+13 
-6.588e+12  4.433e+11  -9.150e+11  -8.822e+08  9.160e+11 
1.360e+13  -9.150e+11  1.889e+12  1.821e+09  -1.891e+12 
1.311e+10  -8.822e+08  1.821e+09  1.758e+06  -1.823e+09 
-1.361e+13  9.160e+11  -1.891e+12  -1.823e+09  1.893e+12 

f218w filter: 
log(z) = 0.5, log(g) = 2.0
	 Damped-oscillator fit coefficients: 
7.363e-01  1.420e+00  1.534e-01  1.569e-01  -5.000e-01 
	 Covariance matrix: 
3.217e-01  1.631e+00  -1.968e+06  1.968e+06  1.637e+00 
1.631e+00  8.339e+00  -1.005e+07  1.005e+07  8.450e+00 
-1.968e+06  -1.005e+07  7.870e+13  -7.870e+13  -1.022e+07 
1.968e+06  1.005e+07  -7.870e+13  7.870e+13  1.022e+07 
1.637e+00  8.450e+00  -1.022e+07  1.022e+07  8.647e+00 

f218w filter: 
log(z) = 0.5, log(g) = 2.5
	 Damped-oscillator fit coefficients: 
8.349e-01  2.230e+00  2.129e-02  2.128e-02  -9.105e-02 
	 Covariance matrix: 
2.343e-02  2.120e-01  -1.300e+04  1.300e+04  2.497e-02 
2.120e-01  2.029e+00  3.209e+06  -3.209e+06  2.580e-01 
-1.300e+04  3.209e+06  2.982e+15  -2.982e+15  9.450e+05 
1.300e+04  -3.209e+06  -2.982e+15  2.982e+15  -9.450e+05 
2.497e-02  2.580e-01  9.450e+05  -9.450e+05  3.612e-02 

f218w filter: 
log(z) = 0.5, log(g) = 3.0
	 Damped-oscillator fit coefficients: 
1.000e+00  2.373e+00  2.000e-01  -1.785e-01  -3.267e-02 
	 Covariance matrix: 
4.159e+00  -1.308e+01  -1.841e+03  1.841e+03  -3.314e-01 
-1.308e+01  4.311e+01  5.787e+03  -5.789e+03  1.119e+00 
-1.841e+03  5.787e+03  8.147e+05  -8.148e+05  1.466e+02 
1.841e+03  -5.789e+03  -8.148e+05  8.150e+05  -1.467e+02 
-3.314e-01  1.119e+00  1.466e+02  -1.467e+02  3.066e-02 

f218w filter: 
log(z) = 0.5, log(g) = 3.5
	 Damped-oscillator fit coefficients: 
1.000e+00  2.615e+00  1.568e-01  -1.443e-01  -1.696e-02 
	 Covariance matrix: 
2.573e+00  -8.833e+00  -1.909e+03  1.909e+03  -9.512e-02 
-8.833e+00  3.262e+01  6.553e+03  -6.554e+03  3.677e-01 
-1.909e+03  6.553e+03  1.416e+06  -1.416e+06  7.056e+01 
1.909e+03  -6.554e+03  -1.416e+06  1.417e+06  -7.057e+01 
-9.512e-02  3.677e-01  7.056e+01  -7.057e+01  4.993e-03 

f218w filter: 
log(z) = 0.5, log(g) = 4.0
	 Damped-oscillator fit coefficients: 
1.000e+00  2.762e+00  1.148e-01  -1.062e-01  -8.944e-03 
	 Covariance matrix: 
1.986e+00  -7.198e+00  -1.274e+03  1.274e+03  -3.405e-02 
-7.198e+00  2.872e+01  4.618e+03  -4.618e+03  1.472e-01 
-1.274e+03  4.618e+03  8.176e+05  -8.176e+05  2.184e+01 
1.274e+03  -4.618e+03  -8.176e+05  8.176e+05  -2.184e+01 
-3.405e-02  1.472e-01  2.184e+01  -2.184e+01  1.248e-03 

f218w filter: 
log(z) = 0.5, log(g) = 4.5
	 Damped-oscillator fit coefficients: 
1.000e+00  2.804e+00  1.048e-01  -9.768e-02  -5.158e-03 
	 Covariance matrix: 
1.895e+00  -7.054e+00  -1.320e+03  1.320e+03  -1.797e-02 
-7.054e+00  2.918e+01  4.914e+03  -4.914e+03  8.289e-02 
-1.320e+03  4.914e+03  9.200e+05  -9.201e+05  1.251e+01 
1.320e+03  -4.914e+03  -9.201e+05  9.201e+05  -1.252e+01 
-1.797e-02  8.289e-02  1.251e+01  -1.252e+01  5.665e-04 

f218w filter: 
log(z) = 0.5, log(g) = 5.0
	 Damped-oscillator fit coefficients: 
1.000e+00  2.745e+00  1.036e-01  -9.631e-02  -4.728e-03 
	 Covariance matrix: 
2.043e+00  -7.428e+00  -1.254e+03  1.254e+03  -1.843e-02 
-7.428e+00  3.008e+01  4.557e+03  -4.557e+03  8.322e-02 
-1.254e+03  4.557e+03  7.693e+05  -7.694e+05  1.130e+01 
1.254e+03  -4.557e+03  -7.694e+05  7.694e+05  -1.130e+01 
-1.843e-02  8.322e-02  1.130e+01  -1.130e+01  5.539e-04 

f225w filter: 
log(z) = 0.5, log(g) = 0.0
	 Damped-oscillator fit coefficients: 
1.000e+00  9.474e-01  -5.234e-02  -2.239e-02  -1.213e-01 
	 Covariance matrix: 
1.281e+07  3.561e+10  -3.952e+10  3.952e+10  7.781e+06 
3.561e+10  9.894e+13  -1.098e+14  1.098e+14  2.162e+10 
-3.952e+10  -1.098e+14  1.699e+15  -1.699e+15  -2.395e+10 
3.952e+10  1.098e+14  -1.699e+15  1.699e+15  2.395e+10 
7.781e+06  2.162e+10  -2.395e+10  2.395e+10  4.726e+06 

f225w filter: 
log(z) = 0.5, log(g) = 0.5
	 Damped-oscillator fit coefficients: 
1.002e+00  3.264e+00  8.547e-02  -4.999e-02  -3.000e-01 
	 Covariance matrix: 
7.127e+03  -4.310e+04  -1.353e+05  1.387e+05  -1.033e+04 
-4.310e+04  2.609e+05  8.181e+05  -8.388e+05  6.261e+04 
-1.353e+05  8.181e+05  2.568e+06  -2.633e+06  1.961e+05 
1.387e+05  -8.388e+05  -2.633e+06  2.700e+06  -2.011e+05 
-1.033e+04  6.261e+04  1.961e+05  -2.011e+05  1.503e+04 

f225w filter: 
log(z) = 0.5, log(g) = 1.0
	 Damped-oscillator fit coefficients: 
1.000e+00  3.753e+00  6.587e-02  -4.853e-02  -3.000e-01 
	 Covariance matrix: 
6.332e+02  -3.992e+03  -4.554e+04  4.571e+04  -6.807e+02 
-3.992e+03  2.524e+04  2.871e+05  -2.882e+05  4.313e+03 
-4.554e+04  2.871e+05  3.276e+06  -3.288e+06  4.896e+04 
4.571e+04  -2.882e+05  -3.288e+06  3.300e+06  -4.914e+04 
-6.807e+02  4.313e+03  4.896e+04  -4.914e+04  7.380e+02 

f225w filter: 
log(z) = 0.5, log(g) = 1.5
	 Damped-oscillator fit coefficients: 
1.000e+00  4.558e+00  1.676e-02  -1.286e-02  -1.597e-01 
	 Covariance matrix: 
1.166e+02  -9.143e+02  -4.035e+03  4.044e+03  -6.252e+01 
-9.143e+02  7.211e+03  3.164e+04  -3.171e+04  4.953e+02 
-4.035e+03  3.164e+04  1.396e+05  -1.400e+05  2.164e+03 
4.044e+03  -3.171e+04  -1.400e+05  1.403e+05  -2.168e+03 
-6.252e+01  4.953e+02  2.164e+03  -2.168e+03  3.415e+01 

f225w filter: 
log(z) = 0.5, log(g) = 2.0
	 Damped-oscillator fit coefficients: 
1.000e+00  6.578e+00  1.032e-03  -9.389e-04  -3.852e-02 
	 Covariance matrix: 
3.938e+00  -4.966e+01  -1.255e+02  1.255e+02  -2.431e-01 
-4.966e+01  6.483e+02  1.582e+03  -1.582e+03  3.322e+00 
-1.255e+02  1.582e+03  3.998e+03  -3.998e+03  7.746e+00 
1.255e+02  -1.582e+03  -3.998e+03  3.999e+03  -7.747e+00 
-2.431e-01  3.322e+00  7.746e+00  -7.747e+00  1.917e-02 

f225w filter: 
log(z) = 0.5, log(g) = 2.5
	 Damped-oscillator fit coefficients: 
9.863e-01  7.860e+00  3.017e-04  -2.954e-04  -2.301e-02 
	 Covariance matrix: 
3.801e-04  1.472e-01  -5.448e+03  5.448e+03  2.761e-04 
1.472e-01  6.281e+01  -1.831e+06  1.831e+06  1.533e-01 
-5.448e+03  -1.831e+06  2.664e+11  -2.664e+11  -2.600e+03 
5.448e+03  1.831e+06  -2.664e+11  2.664e+11  2.600e+03 
2.761e-04  1.533e-01  -2.600e+03  2.600e+03  8.594e-04 

f225w filter: 
log(z) = 0.5, log(g) = 3.0
	 Damped-oscillator fit coefficients: 
3.000e+00  1.930e+00  -2.940e-02  -1.043e-08  2.325e-02 
	 Covariance matrix: 
3.152e+03  -2.195e+03  -7.568e+01  -4.329e-06  7.512e+01 
-2.195e+03  1.529e+03  5.268e+01  3.086e-06  -5.229e+01 
-7.568e+01  5.268e+01  1.824e+00  1.013e-07  -1.812e+00 
-4.329e-06  3.086e-06  1.013e-07  1.260e-14  -1.002e-07 
7.512e+01  -5.229e+01  -1.812e+00  -1.002e-07  1.801e+00 

f225w filter: 
log(z) = 0.5, log(g) = 3.5
	 Damped-oscillator fit coefficients: 
3.000e+00  1.819e+00  -4.478e-02  -2.430e-08  4.391e-02 
	 Covariance matrix: 
6.926e+02  -4.647e+02  -2.406e+01  -4.337e-06  2.353e+01 
-4.647e+02  3.127e+02  1.613e+01  3.096e-06  -1.577e+01 
-2.406e+01  1.613e+01  8.396e-01  1.481e-07  -8.218e-01 
-4.337e-06  3.096e-06  1.481e-07  6.765e-14  -1.447e-07 
2.353e+01  -1.577e+01  -8.218e-01  -1.447e-07  8.048e-01 

f225w filter: 
log(z) = 0.5, log(g) = 4.0
	 Damped-oscillator fit coefficients: 
3.000e+00  1.609e+00  -5.328e-02  -1.411e-07  5.421e-02 
	 Covariance matrix: 
2.554e+02  -1.547e+02  -9.726e+00  -1.246e-05  9.390e+00 
-1.547e+02  9.455e+01  5.891e+00  8.584e-06  -5.690e+00 
-9.726e+00  5.891e+00  3.730e-01  4.722e-07  -3.604e-01 
-1.246e-05  8.584e-06  4.722e-07  1.914e-12  -4.596e-07 
9.390e+00  -5.690e+00  -3.604e-01  -4.596e-07  3.485e-01 

f225w filter: 
log(z) = 0.5, log(g) = 4.5
	 Damped-oscillator fit coefficients: 
2.441e+00  1.711e+00  -3.726e-02  -1.046e-06  3.957e-02 
	 Covariance matrix: 
4.106e+01  -3.555e+01  -1.278e+00  -3.169e-05  1.164e+00 
-3.555e+01  3.205e+01  1.107e+00  3.690e-05  -1.014e+00 
-1.278e+00  1.107e+00  4.068e-02  9.861e-07  -3.717e-02 
-3.169e-05  3.690e-05  9.861e-07  9.547e-11  -9.400e-07 
1.164e+00  -1.014e+00  -3.717e-02  -9.400e-07  3.415e-02 

f225w filter: 
log(z) = 0.5, log(g) = 5.0
	 Damped-oscillator fit coefficients: 
2.202e+00  1.556e+00  -3.426e-02  -9.151e-06  3.794e-02 
	 Covariance matrix: 
3.780e+01  -3.461e+01  -1.186e+00  -2.906e-04  1.085e+00 
-3.461e+01  3.316e+01  1.082e+00  3.523e-04  -9.989e-01 
-1.186e+00  1.082e+00  3.812e-02  8.882e-06  -3.493e-02 
-2.906e-04  3.523e-04  8.882e-06  7.308e-09  -8.618e-06 
1.085e+00  -9.989e-01  -3.493e-02  -8.618e-06  3.222e-02 

f275w filter: 
log(z) = 0.5, log(g) = 0.0
	 Damped-oscillator fit coefficients: 
2.459e+00  5.415e+00  2.682e-02  -3.181e-18  -1.364e-01 
	 Covariance matrix: 
1.138e-69  0.000e+00  -1.235e-69  -2.000e-53  -2.139e-70 
0.000e+00  0.000e+00  -0.000e+00  -0.000e+00  -0.000e+00 
-1.235e-69  -0.000e+00  1.340e-69  2.171e-53  2.322e-70 
-2.000e-53  -0.000e+00  2.171e-53  3.518e-37  3.762e-54 
-2.139e-70  -0.000e+00  2.322e-70  3.762e-54  4.023e-71 

f275w filter: 
log(z) = 0.5, log(g) = 0.5
	 Damped-oscillator fit coefficients: 
2.449e+00  5.541e+00  3.611e-02  -1.363e-18  -1.953e-01 
	 Covariance matrix: 
5.202e-71  0.000e+00  -6.698e-71  -2.055e-54  -1.118e-71 
0.000e+00  0.000e+00  -0.000e+00  -0.000e+00  -0.000e+00 
-6.698e-71  -0.000e+00  8.625e-71  2.646e-54  1.440e-71 
-2.055e-54  -0.000e+00  2.646e-54  8.116e-38  4.416e-55 
-1.118e-71  -0.000e+00  1.440e-71  4.416e-55  2.403e-72 

f275w filter: 
log(z) = 0.5, log(g) = 1.0
	 Damped-oscillator fit coefficients: 
2.633e+00  5.443e+00  8.526e-03  -8.099e-20  -5.067e-02 
	 Covariance matrix: 
1.094e-75  0.000e+00  -1.607e-75  -7.671e-58  -3.133e-76 
0.000e+00  0.000e+00  -0.000e+00  -0.000e+00  -0.000e+00 
-1.607e-75  -0.000e+00  2.360e-75  1.127e-57  4.602e-76 
-7.671e-58  -0.000e+00  1.127e-57  5.378e-40  2.197e-58 
-3.133e-76  -0.000e+00  4.602e-76  2.197e-58  8.973e-77 

f275w filter: 
log(z) = 0.5, log(g) = 1.5
	 Damped-oscillator fit coefficients: 
2.506e+00  5.313e+00  1.560e-03  -1.509e-18  -1.952e-02 
	 Covariance matrix: 
2.149e-70  0.000e+00  -4.542e-70  -8.304e-54  -8.433e-71 
0.000e+00  0.000e+00  -0.000e+00  -0.000e+00  -0.000e+00 
-4.542e-70  -0.000e+00  9.602e-70  1.755e-53  1.783e-70 
-8.304e-54  -0.000e+00  1.755e-53  3.209e-37  3.259e-54 
-8.433e-71  -0.000e+00  1.783e-70  3.259e-54  3.310e-71 

f275w filter: 
log(z) = 0.5, log(g) = 2.0
	 Damped-oscillator fit coefficients: 
2.479e+00  5.285e+00  4.372e-04  -2.247e-18  -1.421e-02 
	 Covariance matrix: 
1.774e-69  0.000e+00  -4.984e-69  -4.628e-53  -9.153e-70 
0.000e+00  0.000e+00  -0.000e+00  -0.000e+00  -0.000e+00 
-4.984e-69  -0.000e+00  1.401e-68  1.301e-52  2.572e-69 
-4.628e-53  -0.000e+00  1.301e-52  1.208e-36  2.389e-53 
-9.153e-70  -0.000e+00  2.572e-69  2.389e-53  4.724e-70 

f275w filter: 
log(z) = 0.5, log(g) = 2.5
	 Damped-oscillator fit coefficients: 
2.473e+00  5.292e+00  -1.883e-05  -1.823e-18  -1.190e-02 
	 Covariance matrix: 
1.283e-69  0.000e+00  -4.674e-69  -4.125e-53  -8.517e-70 
0.000e+00  0.000e+00  -0.000e+00  -0.000e+00  -0.000e+00 
-4.674e-69  -0.000e+00  1.702e-68  1.502e-52  3.102e-69 
-4.125e-53  -0.000e+00  1.502e-52  1.326e-36  2.738e-53 
-8.517e-70  -0.000e+00  3.102e-69  2.738e-53  5.654e-70 

f275w filter: 
log(z) = 0.5, log(g) = 3.0
	 Damped-oscillator fit coefficients: 
2.458e+00  5.235e+00  -1.223e-03  -2.852e-18  -6.547e-03 
	 Covariance matrix: 
1.162e-68  0.000e+00  -5.286e-68  -2.423e-52  -9.649e-69 
0.000e+00  0.000e+00  -0.000e+00  -0.000e+00  -0.000e+00 
-5.286e-68  -0.000e+00  2.405e-67  1.102e-51  4.390e-68 
-2.423e-52  -0.000e+00  1.102e-51  5.052e-36  2.012e-52 
-9.649e-69  -0.000e+00  4.390e-68  2.012e-52  8.015e-69 

f275w filter: 
log(z) = 0.5, log(g) = 3.5
	 Damped-oscillator fit coefficients: 
2.526e+00  5.175e+00  -2.091e-03  -1.157e-18  -3.222e-03 
	 Covariance matrix: 
4.513e-70  -0.000e+00  -2.423e-69  -2.362e-53  -4.768e-70 
-0.000e+00  0.000e+00  0.000e+00  0.000e+00  0.000e+00 
-2.423e-69  0.000e+00  1.301e-68  1.268e-52  2.560e-69 
-2.362e-53  0.000e+00  1.268e-52  1.237e-36  2.496e-53 
-4.768e-70  0.000e+00  2.560e-69  2.496e-53  5.037e-70 

f275w filter: 
log(z) = 0.5, log(g) = 4.0
	 Damped-oscillator fit coefficients: 
2.565e+00  5.000e+00  -3.085e-03  -1.869e-18  -1.138e-04 
	 Covariance matrix: 
4.311e-69  0.000e+00  -2.605e-68  -1.453e-52  -5.469e-69 
0.000e+00  0.000e+00  -0.000e+00  -0.000e+00  -0.000e+00 
-2.605e-68  -0.000e+00  1.574e-67  8.783e-52  3.305e-68 
-1.453e-52  -0.000e+00  8.783e-52  4.900e-36  1.844e-52 
-5.469e-69  -0.000e+00  3.305e-68  1.844e-52  6.939e-69 

f275w filter: 
log(z) = 0.5, log(g) = 4.5
	 Damped-oscillator fit coefficients: 
2.700e+00  4.732e+00  -4.459e-03  -1.468e-18  2.587e-03 
	 Covariance matrix: 
2.246e-69  -0.000e+00  -1.630e-68  -1.029e-52  -4.092e-69 
-0.000e+00  0.000e+00  0.000e+00  0.000e+00  0.000e+00 
-1.630e-68  0.000e+00  1.183e-67  7.471e-52  2.969e-68 
-1.029e-52  0.000e+00  7.471e-52  4.718e-36  1.875e-52 
-4.092e-69  0.000e+00  2.969e-68  1.875e-52  7.453e-69 

f275w filter: 
log(z) = 0.5, log(g) = 5.0
	 Damped-oscillator fit coefficients: 
2.805e+00  4.530e+00  -5.325e-03  -1.224e-18  3.622e-03 
	 Covariance matrix: 
1.702e-69  -0.000e+00  -1.535e-68  -9.851e-53  -4.310e-69 
-0.000e+00  0.000e+00  0.000e+00  0.000e+00  0.000e+00 
-1.535e-68  0.000e+00  1.384e-67  8.883e-52  3.886e-68 
-9.851e-53  0.000e+00  8.883e-52  5.702e-36  2.495e-52 
-4.310e-69  0.000e+00  3.886e-68  2.495e-52  1.091e-68 

