f218w filter: 
log(z) = -1.0, log(g) = 0.0
	 Damped-oscillator fit coefficients: 
9.939e-01  9.081e+00  -6.220e-06  -6.219e-06  5.000e-01 
	 Covariance matrix: 
1.514e-03  1.217e+00  1.133e+06  -1.133e+06  -2.538e-01 
1.217e+00  9.790e+02  9.137e+08  -9.137e+08  -2.042e+02 
1.133e+06  9.137e+08  1.363e+15  -1.363e+15  -2.017e+08 
-1.133e+06  -9.137e+08  -1.363e+15  1.363e+15  2.017e+08 
-2.538e-01  -2.042e+02  -2.017e+08  2.017e+08  4.305e+01 

f218w filter: 
log(z) = -1.0, log(g) = 0.5
	 Damped-oscillator fit coefficients: 
9.948e-01  1.000e+01  -6.531e-07  -6.273e-07  1.124e-01 
	 Covariance matrix: 
7.809e-05  7.837e-02  7.443e-08  8.082e-08  -2.695e-03 
7.837e-02  7.866e+01  7.472e-05  8.114e-05  -2.712e+00 
7.443e-08  7.472e-05  7.107e-11  7.716e-11  -2.600e-06 
8.082e-08  8.114e-05  7.716e-11  8.378e-11  -2.821e-06 
-2.695e-03  -2.712e+00  -2.600e-06  -2.821e-06  1.022e-01 

f218w filter: 
log(z) = -1.0, log(g) = 1.0
	 Damped-oscillator fit coefficients: 
2.664e+00  5.276e+00  1.468e-02  9.852e-20  -6.339e-02 
	 Covariance matrix: 
6.906e-75  -0.000e+00  1.686e-74  4.240e-57  3.465e-75 
-0.000e+00  0.000e+00  -0.000e+00  -0.000e+00  -0.000e+00 
1.686e-74  -0.000e+00  4.115e-74  1.035e-56  8.458e-75 
4.240e-57  -0.000e+00  1.035e-56  2.603e-39  2.127e-57 
3.465e-75  -0.000e+00  8.458e-75  2.127e-57  1.739e-75 

f218w filter: 
log(z) = -1.0, log(g) = 1.5
	 Damped-oscillator fit coefficients: 
6.671e-01  1.183e+00  -2.000e-01  -2.000e-01  4.913e-01 
	 Covariance matrix: 
1.032e+02  4.907e+02  5.112e+06  -5.111e+06  -7.353e+02 
4.907e+02  2.336e+03  2.560e+07  -2.560e+07  -3.503e+03 
5.112e+06  2.560e+07  3.615e+14  -3.615e+14  -3.953e+07 
-5.111e+06  -2.560e+07  -3.615e+14  3.615e+14  3.953e+07 
-7.353e+02  -3.503e+03  -3.953e+07  3.953e+07  5.257e+03 

f218w filter: 
log(z) = -1.0, log(g) = 2.0
	 Damped-oscillator fit coefficients: 
8.436e-01  1.938e+00  -6.103e-02  -6.102e-02  2.801e-01 
	 Covariance matrix: 
5.640e-02  5.223e-01  4.815e+04  -4.815e+04  -2.333e-01 
5.223e-01  4.891e+00  6.767e+05  -6.767e+05  -2.224e+00 
4.815e+04  6.767e+05  1.898e+14  -1.898e+14  -2.956e+05 
-4.815e+04  -6.767e+05  -1.898e+14  1.898e+14  2.956e+05 
-2.333e-01  -2.224e+00  -2.956e+05  2.956e+05  1.043e+00 

f218w filter: 
log(z) = -1.0, log(g) = 2.5
	 Damped-oscillator fit coefficients: 
1.000e+00  2.817e+00  -2.000e-01  1.787e-01  3.721e-02 
	 Covariance matrix: 
4.522e+00  -1.837e+01  3.270e+03  -3.270e+03  7.715e-01 
-1.837e+01  7.665e+01  -1.328e+04  1.328e+04  -3.280e+00 
3.270e+03  -1.328e+04  2.364e+06  -2.365e+06  5.578e+02 
-3.270e+03  1.328e+04  -2.365e+06  2.365e+06  -5.579e+02 
7.715e-01  -3.280e+00  5.578e+02  -5.579e+02  1.447e-01 

f218w filter: 
log(z) = -1.0, log(g) = 3.0
	 Damped-oscillator fit coefficients: 
1.000e+00  3.264e+00  -1.661e-01  1.558e-01  7.457e-03 
	 Covariance matrix: 
9.821e-01  -4.498e+00  2.253e+03  -2.253e+03  5.997e-02 
-4.498e+00  2.183e+01  -1.032e+04  1.032e+04  -3.073e-01 
2.253e+03  -1.032e+04  5.170e+06  -5.170e+06  1.376e+02 
-2.253e+03  1.032e+04  -5.170e+06  5.171e+06  -1.376e+02 
5.997e-02  -3.073e-01  1.376e+02  -1.376e+02  5.374e-03 

f218w filter: 
log(z) = -1.0, log(g) = 3.5
	 Damped-oscillator fit coefficients: 
1.000e+00  3.392e+00  -1.552e-01  1.464e-01  4.326e-03 
	 Covariance matrix: 
5.933e-01  -2.743e+00  1.596e+03  -1.596e+03  2.321e-02 
-2.743e+00  1.366e+01  -7.376e+03  7.377e+03  -1.256e-01 
1.596e+03  -7.376e+03  4.291e+06  -4.292e+06  6.241e+01 
-1.596e+03  7.377e+03  -4.292e+06  4.292e+06  -6.241e+01 
2.321e-02  -1.256e-01  6.241e+01  -6.241e+01  1.825e-03 

f218w filter: 
log(z) = -1.0, log(g) = 4.0
	 Damped-oscillator fit coefficients: 
1.000e+00  3.446e+00  -1.565e-01  1.484e-01  2.359e-03 
	 Covariance matrix: 
4.451e-01  -2.035e+00  1.485e+03  -1.485e+03  1.041e-02 
-2.035e+00  1.017e+01  -6.789e+03  6.789e+03  -5.842e-02 
1.485e+03  -6.789e+03  4.953e+06  -4.953e+06  3.471e+01 
-1.485e+03  6.789e+03  -4.953e+06  4.953e+06  -3.471e+01 
1.041e-02  -5.842e-02  3.471e+01  -3.471e+01  7.691e-04 

f218w filter: 
log(z) = -1.0, log(g) = 4.5
	 Damped-oscillator fit coefficients: 
1.000e+00  3.469e+00  -1.470e-01  1.393e-01  1.478e-03 
	 Covariance matrix: 
4.028e-01  -1.824e+00  1.239e+03  -1.239e+03  6.045e-03 
-1.824e+00  9.088e+00  -5.610e+03  5.610e+03  -3.463e-02 
1.239e+03  -5.610e+03  3.811e+06  -3.811e+06  1.859e+01 
-1.239e+03  5.610e+03  -3.811e+06  3.811e+06  -1.859e+01 
6.045e-03  -3.463e-02  1.859e+01  -1.859e+01  4.342e-04 

f218w filter: 
log(z) = -1.0, log(g) = 5.0
	 Damped-oscillator fit coefficients: 
1.000e+00  3.543e+00  -1.374e-01  1.305e-01  1.371e-03 
	 Covariance matrix: 
4.129e-01  -1.934e+00  1.349e+03  -1.349e+03  5.719e-03 
-1.934e+00  9.946e+00  -6.319e+03  6.319e+03  -3.399e-02 
1.349e+03  -6.319e+03  4.407e+06  -4.407e+06  1.869e+01 
-1.349e+03  6.319e+03  -4.407e+06  4.408e+06  -1.869e+01 
5.719e-03  -3.399e-02  1.869e+01  -1.869e+01  4.077e-04 

f225w filter: 
log(z) = -1.0, log(g) = 0.0
	 Damped-oscillator fit coefficients: 
2.494e+00  5.758e+00  5.098e-02  -5.638e-20  -2.954e-01 
	 Covariance matrix: 
9.119e-76  0.000e+00  -2.383e-75  -7.789e-58  -3.824e-76 
0.000e+00  0.000e+00  -0.000e+00  -0.000e+00  -0.000e+00 
-2.383e-75  -0.000e+00  6.226e-75  2.035e-57  9.992e-76 
-7.789e-58  -0.000e+00  2.035e-57  6.652e-40  3.266e-58 
-3.824e-76  -0.000e+00  9.992e-76  3.266e-58  1.604e-76 

f225w filter: 
log(z) = -1.0, log(g) = 0.5
	 Damped-oscillator fit coefficients: 
4.000e-01  -1.122e+00  -1.000e-01  -5.000e-02  5.476e-03 
	 Covariance matrix: 
2.231e+06  1.491e+06  -5.208e+11  5.208e+11  2.839e+05 
1.491e+06  9.982e+05  -3.374e+11  3.374e+11  1.899e+05 
-5.208e+11  -3.374e+11  2.708e+17  -2.708e+17  -6.514e+10 
5.208e+11  3.374e+11  -2.708e+17  2.708e+17  6.514e+10 
2.839e+05  1.899e+05  -6.514e+10  6.514e+10  3.614e+04 

f225w filter: 
log(z) = -1.0, log(g) = 1.0
	 Damped-oscillator fit coefficients: 
1.032e+00  1.924e+00  -1.000e-01  2.296e-02  1.099e-01 
	 Covariance matrix: 
3.297e+05  -1.026e+06  3.367e+03  -1.668e+05  2.205e+05 
-1.026e+06  3.195e+06  -9.976e+03  5.190e+05  -6.869e+05 
3.367e+03  -9.976e+03  1.701e+02  -1.739e+03  2.056e+03 
-1.668e+05  5.190e+05  -1.739e+03  8.442e+04  -1.115e+05 
2.205e+05  -6.869e+05  2.056e+03  -1.115e+05  1.477e+05 

f225w filter: 
log(z) = -1.0, log(g) = 1.5
	 Damped-oscillator fit coefficients: 
1.024e+00  2.396e+00  -1.000e-01  1.924e-02  2.740e-01 
	 Covariance matrix: 
5.656e+03  -1.940e+04  1.605e+02  -3.567e+03  5.495e+03 
-1.940e+04  6.665e+04  -5.221e+02  1.222e+04  -1.890e+04 
1.605e+02  -5.221e+02  1.081e+01  -1.027e+02  1.436e+02 
-3.567e+03  1.222e+04  -1.027e+02  2.249e+03  -3.462e+03 
5.495e+03  -1.890e+04  1.436e+02  -3.462e+03  5.363e+03 

f225w filter: 
log(z) = -1.0, log(g) = 2.0
	 Damped-oscillator fit coefficients: 
1.000e+00  4.062e+00  -6.280e-02  5.888e-02  1.632e-02 
	 Covariance matrix: 
9.539e+00  -5.875e+01  1.628e+04  -1.628e+04  1.495e+00 
-5.875e+01  3.731e+02  -1.003e+05  1.003e+05  -9.729e+00 
1.628e+04  -1.003e+05  2.778e+07  -2.778e+07  2.551e+03 
-1.628e+04  1.003e+05  -2.778e+07  2.778e+07  -2.551e+03 
1.495e+00  -9.729e+00  2.551e+03  -2.551e+03  2.621e-01 

f225w filter: 
log(z) = -1.0, log(g) = 2.5
	 Damped-oscillator fit coefficients: 
1.000e+00  4.650e+00  -3.533e-02  3.373e-02  -1.567e-03 
	 Covariance matrix: 
1.475e+00  -9.328e+00  3.394e+03  -3.394e+03  8.780e-02 
-9.328e+00  6.352e+01  -2.146e+04  2.146e+04  -6.404e-01 
3.394e+03  -2.146e+04  7.807e+06  -7.807e+06  2.020e+02 
-3.394e+03  2.146e+04  -7.807e+06  7.807e+06  -2.020e+02 
8.780e-02  -6.404e-01  2.020e+02  -2.020e+02  7.752e-03 

f225w filter: 
log(z) = -1.0, log(g) = 3.0
	 Damped-oscillator fit coefficients: 
1.000e+00  4.648e+00  -3.471e-02  3.294e-02  2.915e-03 
	 Covariance matrix: 
6.389e-01  -3.349e+00  1.139e+03  -1.139e+03  2.002e-02 
-3.349e+00  1.991e+01  -5.970e+03  5.970e+03  -1.356e-01 
1.139e+03  -5.970e+03  2.029e+06  -2.030e+06  3.567e+01 
-1.139e+03  5.970e+03  -2.030e+06  2.030e+06  -3.568e+01 
2.002e-02  -1.356e-01  3.567e+01  -3.568e+01  1.591e-03 

f225w filter: 
log(z) = -1.0, log(g) = 3.5
	 Damped-oscillator fit coefficients: 
1.000e+00  4.585e+00  -2.708e-02  2.503e-02  7.616e-03 
	 Covariance matrix: 
4.768e-01  -2.249e+00  2.795e+02  -2.795e+02  1.124e-02 
-2.249e+00  1.234e+01  -1.318e+03  1.318e+03  -7.229e-02 
2.795e+02  -1.318e+03  1.638e+05  -1.638e+05  6.585e+00 
-2.795e+02  1.318e+03  -1.638e+05  1.638e+05  -6.586e+00 
1.124e-02  -7.229e-02  6.585e+00  -6.586e+00  9.251e-04 

f225w filter: 
log(z) = -1.0, log(g) = 4.0
	 Damped-oscillator fit coefficients: 
1.015e+00  4.430e+00  -3.286e-03  4.573e-04  1.216e-02 
	 Covariance matrix: 
4.153e-01  -1.700e+00  1.609e-03  -1.279e-02  6.934e-03 
-1.700e+00  8.265e+00  -2.093e-04  5.119e-02  -4.010e-02 
1.609e-03  -2.093e-04  3.823e-05  -5.529e-05  -4.062e-05 
-1.279e-02  5.119e-02  -5.529e-05  3.949e-04  -2.022e-04 
6.934e-03  -4.010e-02  -4.062e-05  -2.022e-04  5.583e-04 

f225w filter: 
log(z) = -1.0, log(g) = 4.5
	 Damped-oscillator fit coefficients: 
1.058e+00  4.194e+00  -4.632e-03  1.061e-04  1.602e-02 
	 Covariance matrix: 
4.308e-01  -1.496e+00  -1.223e-02  -1.109e-03  5.352e-03 
-1.496e+00  6.226e+00  4.862e-02  3.611e-03  -2.606e-02 
-1.223e-02  4.862e-02  3.858e-04  3.002e-05  -2.097e-04 
-1.109e-03  3.611e-03  3.002e-05  2.914e-06  -1.189e-05 
5.352e-03  -2.606e-02  -2.097e-04  -1.189e-05  3.831e-04 

f225w filter: 
log(z) = -1.0, log(g) = 5.0
	 Damped-oscillator fit coefficients: 
1.073e+00  4.210e+00  -4.792e-03  6.630e-05  1.697e-02 
	 Covariance matrix: 
4.380e-01  -1.484e+00  -1.284e-02  -6.075e-04  5.305e-03 
-1.484e+00  6.035e+00  4.951e-02  1.904e-03  -2.513e-02 
-1.284e-02  4.951e-02  4.143e-04  1.687e-05  -2.119e-04 
-6.075e-04  1.904e-03  1.687e-05  8.663e-07  -6.188e-06 
5.305e-03  -2.513e-02  -2.119e-04  -6.188e-06  3.715e-04 

f275w filter: 
log(z) = -1.0, log(g) = 0.0
	 Damped-oscillator fit coefficients: 
9.946e-01  1.000e+01  9.143e-08  9.059e-08  -2.041e-02 
	 Covariance matrix: 
8.455e-02  8.606e+01  -1.315e-05  -1.302e-05  7.947e-01 
8.606e+01  8.762e+04  -1.339e-02  -1.326e-02  8.108e+02 
-1.315e-05  -1.339e-02  2.047e-09  2.027e-09  -1.242e-04 
-1.302e-05  -1.326e-02  2.027e-09  2.008e-09  -1.230e-04 
7.947e-01  8.108e+02  -1.242e-04  -1.230e-04  7.645e+00 

f275w filter: 
log(z) = -1.0, log(g) = 0.5
	 Damped-oscillator fit coefficients: 
9.931e-01  1.000e+01  1.558e-08  1.886e-08  1.411e-02 
	 Covariance matrix: 
7.894e-02  8.479e+01  -1.795e-05  1.280e-05  8.501e-02 
8.479e+01  9.231e+04  -1.955e-02  1.393e-02  9.562e+01 
-1.795e-05  -1.955e-02  4.142e-09  -2.951e-09  -2.028e-05 
1.280e-05  1.393e-02  -2.951e-09  2.103e-09  1.441e-05 
8.501e-02  9.562e+01  -2.028e-05  1.441e-05  1.076e-01 

f275w filter: 
log(z) = -1.0, log(g) = 1.0
	 Damped-oscillator fit coefficients: 
9.906e-01  7.859e+00  5.647e-07  5.646e-07  1.169e-02 
	 Covariance matrix: 
1.214e-01  5.528e+01  -5.120e-05  -5.119e-05  1.029e-01 
5.528e+01  2.521e+04  -2.339e-02  -2.338e-02  4.747e+01 
-5.120e-05  -2.339e-02  2.173e-08  2.173e-08  -4.450e-05 
-5.119e-05  -2.338e-02  2.173e-08  2.172e-08  -4.450e-05 
1.029e-01  4.747e+01  -4.450e-05  -4.450e-05  9.706e-02 

f275w filter: 
log(z) = -1.0, log(g) = 1.5
	 Damped-oscillator fit coefficients: 
9.718e-01  4.067e+00  3.114e-04  3.113e-04  -1.452e-02 
	 Covariance matrix: 
8.922e-01  7.267e+01  7.027e+07  -7.027e+07  1.031e+00 
7.267e+01  5.919e+03  5.670e+09  -5.670e+09  8.403e+01 
7.027e+07  5.670e+09  5.793e+16  -5.793e+16  7.567e+07 
-7.027e+07  -5.670e+09  -5.793e+16  5.793e+16  -7.567e+07 
1.031e+00  8.403e+01  7.567e+07  -7.567e+07  1.226e+00 

f275w filter: 
log(z) = -1.0, log(g) = 2.0
	 Damped-oscillator fit coefficients: 
9.762e-01  4.302e+00  2.236e-04  2.236e-04  -1.544e-02 
	 Covariance matrix: 
3.338e-02  3.527e+00  1.102e+06  -1.102e+06  2.374e-02 
3.527e+00  3.744e+02  6.105e+07  -6.105e+07  2.478e+00 
1.102e+06  6.105e+07  2.633e+16  -2.633e+16  2.652e+06 
-1.102e+06  -6.105e+07  -2.633e+16  2.633e+16  -2.652e+06 
2.374e-02  2.478e+00  2.652e+06  -2.652e+06  1.955e-02 

f275w filter: 
log(z) = -1.0, log(g) = 2.5
	 Damped-oscillator fit coefficients: 
1.099e+00  6.814e-01  -1.000e-01  3.529e-02  5.678e-02 
	 Covariance matrix: 
2.429e+05  -2.062e+05  2.029e+03  -4.399e+04  4.202e+04 
-2.062e+05  1.753e+05  -1.625e+03  3.731e+04  -3.574e+04 
2.029e+03  -1.625e+03  6.385e+01  -3.839e+02  3.200e+02 
-4.399e+04  3.731e+04  -3.839e+02  7.973e+03  -7.599e+03 
4.202e+04  -3.574e+04  3.200e+02  -7.599e+03  7.289e+03 

f275w filter: 
log(z) = -1.0, log(g) = 3.0
	 Damped-oscillator fit coefficients: 
1.080e+00  7.636e-01  -1.000e-01  3.649e-02  5.729e-02 
	 Covariance matrix: 
5.415e+03  -4.615e+03  6.631e+02  -1.434e+03  7.691e+02 
-4.615e+03  3.957e+03  -5.564e+02  1.219e+03  -6.606e+02 
6.631e+02  -5.564e+02  8.443e+01  -1.769e+02  9.226e+01 
-1.434e+03  1.219e+03  -1.769e+02  3.802e+02  -2.029e+02 
7.691e+02  -6.606e+02  9.226e+01  -2.029e+02  1.104e+02 

f275w filter: 
log(z) = -1.0, log(g) = 3.5
	 Damped-oscillator fit coefficients: 
1.006e+00  1.095e+00  -1.000e-01  7.500e-02  1.892e-02 
	 Covariance matrix: 
3.965e+02  -5.232e+02  2.966e+03  -2.989e+03  2.202e+01 
-5.232e+02  7.064e+02  -3.910e+03  3.940e+03  -2.994e+01 
2.966e+03  -3.910e+03  2.219e+04  -2.236e+04  1.645e+02 
-2.989e+03  3.940e+03  -2.236e+04  2.253e+04  -1.658e+02 
2.202e+01  -2.994e+01  1.645e+02  -1.658e+02  1.275e+00 

f275w filter: 
log(z) = -1.0, log(g) = 4.0
	 Damped-oscillator fit coefficients: 
1.001e+00  1.347e+00  -1.000e-01  8.636e-02  8.397e-03 
	 Covariance matrix: 
7.256e+01  -1.055e+02  2.635e+03  -2.636e+03  1.587e+00 
-1.055e+02  1.637e+02  -3.828e+03  3.830e+03  -2.502e+00 
2.635e+03  -3.828e+03  9.567e+04  -9.572e+04  5.758e+01 
-2.636e+03  3.830e+03  -9.572e+04  9.578e+04  -5.762e+01 
1.587e+00  -2.502e+00  5.758e+01  -5.762e+01  3.936e-02 

f275w filter: 
log(z) = -1.0, log(g) = 4.5
	 Damped-oscillator fit coefficients: 
1.001e+00  1.465e+00  -1.000e-01  8.911e-02  6.388e-03 
	 Covariance matrix: 
2.700e+01  -3.568e+01  1.766e+03  -1.767e+03  2.962e-01 
-3.568e+01  5.470e+01  -2.333e+03  2.334e+03  -4.631e-01 
1.766e+03  -2.333e+03  1.156e+05  -1.156e+05  1.936e+01 
-1.767e+03  2.334e+03  -1.156e+05  1.156e+05  -1.937e+01 
2.962e-01  -4.631e-01  1.936e+01  -1.937e+01  4.416e-03 

f275w filter: 
log(z) = -1.0, log(g) = 5.0
	 Damped-oscillator fit coefficients: 
1.001e+00  1.528e+00  -1.000e-01  8.982e-02  6.257e-03 
	 Covariance matrix: 
2.356e+01  -3.206e+01  1.935e+03  -1.935e+03  2.267e-01 
-3.206e+01  5.150e+01  -2.632e+03  2.633e+03  -3.725e-01 
1.935e+03  -2.632e+03  1.590e+05  -1.590e+05  1.861e+01 
-1.935e+03  2.633e+03  -1.590e+05  1.590e+05  -1.861e+01 
2.267e-01  -3.725e-01  1.861e+01  -1.861e+01  3.147e-03 

