f218w filter: 
log(z) = 0.0, log(g) = 0.0
	 Damped-oscillator fit coefficients: 
9.937e-01  8.923e+00  -1.046e-05  -1.046e-05  4.999e-01 
	 Covariance matrix: 
4.645e-04  3.519e-01  -1.202e+05  1.202e+05  -8.846e-02 
3.519e-01  2.666e+02  -9.043e+07  9.043e+07  -6.707e+01 
-1.202e+05  -9.043e+07  1.571e+14  -1.571e+14  1.984e+07 
1.202e+05  9.043e+07  -1.571e+14  1.571e+14  -1.984e+07 
-8.846e-02  -6.707e+01  1.984e+07  -1.984e+07  1.716e+01 

f218w filter: 
log(z) = 0.0, log(g) = 0.5
	 Damped-oscillator fit coefficients: 
9.950e-01  1.000e+01  3.931e-02  -3.931e-02  3.153e-01 
	 Covariance matrix: 
1.106e-05  1.140e-02  2.999e-01  -2.999e-01  -1.016e-03 
1.140e-02  1.176e+01  3.094e+02  -3.094e+02  -1.049e+00 
2.999e-01  3.094e+02  3.659e+05  -3.659e+05  -1.597e+01 
-2.999e-01  -3.094e+02  -3.659e+05  3.659e+05  1.597e+01 
-1.016e-03  -1.049e+00  -1.597e+01  1.597e+01  1.026e-01 

f218w filter: 
log(z) = 0.0, log(g) = 1.0
	 Damped-oscillator fit coefficients: 
9.950e-01  1.000e+01  3.726e-02  -3.726e-02  1.736e-01 
	 Covariance matrix: 
1.119e-05  1.150e-02  7.188e-01  -7.188e-01  -5.345e-04 
1.150e-02  1.183e+01  7.520e+02  -7.520e+02  -5.498e-01 
7.188e-01  7.520e+02  1.504e+06  -1.504e+06  -4.828e+01 
-7.188e-01  -7.520e+02  -1.504e+06  1.504e+06  4.828e+01 
-5.345e-04  -5.498e-01  -4.828e+01  4.828e+01  2.966e-02 

f218w filter: 
log(z) = 0.0, log(g) = 1.5
	 Damped-oscillator fit coefficients: 
9.950e-01  1.000e+01  3.956e-02  -3.956e-02  8.953e-02 
	 Covariance matrix: 
1.675e-05  1.726e-02  5.012e-01  -5.012e-01  -3.791e-04 
1.726e-02  1.779e+01  5.143e+02  -5.143e+02  -3.906e-01 
5.012e-01  5.143e+02  3.529e+05  -3.529e+05  -9.433e+00 
-5.012e-01  -5.143e+02  -3.529e+05  3.529e+05  9.433e+00 
-3.791e-04  -3.906e-01  -9.433e+00  9.433e+00  1.084e-02 

f218w filter: 
log(z) = 0.0, log(g) = 2.0
	 Damped-oscillator fit coefficients: 
1.011e+00  1.663e+00  2.000e-01  -9.079e-02  -2.226e-01 
	 Covariance matrix: 
7.720e+02  -1.490e+03  -4.076e+03  4.420e+03  -3.824e+02 
-1.490e+03  2.898e+03  7.857e+03  -8.527e+03  7.450e+02 
-4.076e+03  7.857e+03  2.152e+04  -2.334e+04  2.015e+03 
4.420e+03  -8.527e+03  -2.334e+04  2.531e+04  -2.188e+03 
-3.824e+02  7.450e+02  2.015e+03  -2.188e+03  1.917e+02 

f218w filter: 
log(z) = 0.0, log(g) = 2.5
	 Damped-oscillator fit coefficients: 
1.000e+00  3.741e+00  1.881e-02  -1.667e-02  -2.627e-02 
	 Covariance matrix: 
1.879e+01  -6.783e+01  -2.399e+03  2.400e+03  -5.909e-01 
-6.783e+01  2.706e+02  8.661e+03  -8.662e+03  2.426e+00 
-2.399e+03  8.661e+03  3.064e+05  -3.065e+05  7.546e+01 
2.400e+03  -8.662e+03  -3.065e+05  3.065e+05  -7.547e+01 
-5.909e-01  2.426e+00  7.546e+01  -7.547e+01  2.328e-02 

f218w filter: 
log(z) = 0.0, log(g) = 3.0
	 Damped-oscillator fit coefficients: 
4.000e-01  -4.078e-01  1.790e-02  8.026e-03  -3.194e-02 
	 Covariance matrix: 
3.493e+02  -1.143e+03  8.344e+07  -8.344e+07  9.384e+01 
-1.143e+03  4.822e+03  -1.383e+08  1.383e+08  -3.861e+02 
8.344e+07  -1.383e+08  8.166e+15  -8.166e+15  1.354e+07 
-8.344e+07  1.383e+08  -8.166e+15  8.166e+15  -1.354e+07 
9.384e+01  -3.861e+02  1.354e+07  -1.354e+07  3.099e+01 

f218w filter: 
log(z) = 0.0, log(g) = 3.5
	 Damped-oscillator fit coefficients: 
9.806e-01  5.458e+00  7.641e-05  7.641e-05  -1.323e-02 
	 Covariance matrix: 
1.597e-03  2.202e-01  7.899e+05  -7.899e+05  4.904e-04 
2.202e-01  3.049e+01  1.229e+08  -1.229e+08  7.186e-02 
7.899e+05  1.229e+08  1.722e+16  -1.722e+16  8.182e+04 
-7.899e+05  -1.229e+08  -1.722e+16  1.722e+16  -8.182e+04 
4.904e-04  7.186e-02  8.182e+04  -8.182e+04  5.561e-04 

f218w filter: 
log(z) = 0.0, log(g) = 4.0
	 Damped-oscillator fit coefficients: 
9.829e-01  5.738e+00  5.055e-05  5.055e-05  -1.001e-02 
	 Covariance matrix: 
1.264e-03  2.092e-01  1.698e+06  -1.698e+06  3.138e-04 
2.092e-01  3.474e+01  2.806e+08  -2.806e+08  5.466e-02 
1.698e+06  2.806e+08  3.957e+16  -3.957e+16  1.356e+05 
-1.698e+06  -2.806e+08  -3.957e+16  3.957e+16  -1.356e+05 
3.138e-04  5.466e-02  1.356e+05  -1.356e+05  3.744e-04 

f218w filter: 
log(z) = 0.0, log(g) = 4.5
	 Damped-oscillator fit coefficients: 
1.002e+00  6.209e-01  -1.651e-01  1.456e-01  1.206e-02 
	 Covariance matrix: 
1.327e+03  -7.696e+02  4.680e+04  -4.684e+04  4.193e+01 
-7.696e+02  4.603e+02  -2.713e+04  2.716e+04  -2.507e+01 
4.680e+04  -2.713e+04  1.650e+06  -1.652e+06  1.478e+03 
-4.684e+04  2.716e+04  -1.652e+06  1.653e+06  -1.480e+03 
4.193e+01  -2.507e+01  1.478e+03  -1.480e+03  1.368e+00 

f218w filter: 
log(z) = 0.0, log(g) = 5.0
	 Damped-oscillator fit coefficients: 
1.001e+00  7.545e-01  -1.420e-01  1.275e-01  7.262e-03 
	 Covariance matrix: 
5.667e+02  -3.892e+02  2.539e+04  -2.540e+04  1.212e+01 
-3.892e+02  2.804e+02  -1.743e+04  1.744e+04  -8.728e+00 
2.539e+04  -1.743e+04  1.137e+06  -1.138e+06  5.427e+02 
-2.540e+04  1.744e+04  -1.138e+06  1.138e+06  -5.429e+02 
1.212e+01  -8.728e+00  5.427e+02  -5.429e+02  2.733e-01 

f225w filter: 
log(z) = 0.0, log(g) = 0.0
	 Damped-oscillator fit coefficients: 
1.000e+00  4.408e+00  2.930e-02  -2.260e-02  -3.000e-01 
	 Covariance matrix: 
3.218e+05  -2.724e+06  -2.107e+07  2.112e+07  -4.377e+05 
-2.724e+06  2.308e+07  1.784e+08  -1.788e+08  3.709e+06 
-2.107e+07  1.784e+08  1.379e+09  -1.383e+09  2.866e+07 
2.112e+07  -1.788e+08  -1.383e+09  1.386e+09  -2.873e+07 
-4.377e+05  3.709e+06  2.866e+07  -2.873e+07  5.965e+05 

f225w filter: 
log(z) = 0.0, log(g) = 0.5
	 Damped-oscillator fit coefficients: 
1.001e+00  9.871e+00  7.014e-07  -2.017e-07  -3.706e-02 
	 Covariance matrix: 
3.786e+02  -1.257e+04  -3.163e-02  4.853e-02  -3.176e+01 
-1.257e+04  4.186e+05  1.049e+00  -1.611e+00  1.066e+03 
-3.163e-02  1.049e+00  2.645e-06  -4.055e-06  2.639e-03 
4.853e-02  -1.611e+00  -4.055e-06  6.220e-06  -4.067e-03 
-3.176e+01  1.066e+03  2.639e-03  -4.067e-03  2.775e+00 

f225w filter: 
log(z) = 0.0, log(g) = 1.0
	 Damped-oscillator fit coefficients: 
1.117e+00  1.000e+01  2.515e-06  -5.398e-12  -3.259e-02 
	 Covariance matrix: 
8.134e-01  4.474e-02  -1.946e-05  2.312e-10  9.027e-02 
4.474e-02  2.460e-03  -1.069e-06  1.272e-11  4.960e-03 
-1.946e-05  -1.069e-06  7.999e-10  -5.591e-15  -3.277e-06 
2.312e-10  1.272e-11  -5.591e-15  6.573e-20  2.584e-11 
9.027e-02  4.960e-03  -3.277e-06  2.584e-11  1.466e-02 

f225w filter: 
log(z) = 0.0, log(g) = 1.5
	 Damped-oscillator fit coefficients: 
1.181e+00  1.000e+01  1.367e-05  -2.311e-13  -3.825e-02 
	 Covariance matrix: 
9.038e-01  7.129e-02  7.071e-05  9.639e-12  4.369e-02 
7.129e-02  5.623e-03  5.581e-06  7.603e-13  3.439e-03 
7.071e-05  5.581e-06  6.871e-09  7.498e-16  1.717e-06 
9.639e-12  7.603e-13  7.498e-16  1.028e-22  4.707e-13 
4.369e-02  3.439e-03  1.717e-06  4.707e-13  4.963e-03 

f225w filter: 
log(z) = 0.0, log(g) = 2.0
	 Damped-oscillator fit coefficients: 
4.000e-01  -5.170e-01  1.000e-01  1.000e-01  -1.709e-01 
	 Covariance matrix: 
8.474e+02  2.359e+03  1.528e+08  -1.528e+08  -9.991e+02 
2.359e+03  7.003e+03  2.161e+08  -2.161e+08  -2.974e+03 
1.528e+08  2.161e+08  8.435e+14  -8.435e+14  -8.892e+07 
-1.528e+08  -2.161e+08  -8.435e+14  8.435e+14  8.892e+07 
-9.991e+02  -2.974e+03  -8.892e+07  8.892e+07  1.263e+03 

f225w filter: 
log(z) = 0.0, log(g) = 2.5
	 Damped-oscillator fit coefficients: 
2.589e+00  5.572e+00  5.011e-03  -3.168e-20  -3.445e-02 
	 Covariance matrix: 
1.135e-76  0.000e+00  -3.620e-76  -1.979e-58  -6.665e-77 
0.000e+00  0.000e+00  -0.000e+00  -0.000e+00  -0.000e+00 
-3.620e-76  -0.000e+00  1.154e-75  6.309e-58  2.125e-76 
-1.979e-58  -0.000e+00  6.309e-58  3.449e-40  1.162e-58 
-6.665e-77  -0.000e+00  2.125e-76  1.162e-58  3.912e-77 

f225w filter: 
log(z) = 0.0, log(g) = 3.0
	 Damped-oscillator fit coefficients: 
4.000e-01  4.456e-01  -8.892e-02  -4.451e-02  1.257e-01 
	 Covariance matrix: 
5.627e+01  7.660e+01  -7.969e+06  7.970e+06  -4.241e+01 
7.660e+01  1.047e+02  -1.178e+07  1.178e+07  -5.779e+01 
-7.969e+06  -1.178e+07  4.270e+14  -4.270e+14  7.507e+06 
7.970e+06  1.178e+07  -4.270e+14  4.270e+14  -7.507e+06 
-4.241e+01  -5.779e+01  7.507e+06  -7.507e+06  3.205e+01 

f225w filter: 
log(z) = 0.0, log(g) = 3.5
	 Damped-oscillator fit coefficients: 
7.170e-01  1.258e+00  -1.820e-02  -9.301e-03  2.302e-02 
	 Covariance matrix: 
8.292e-01  2.521e+00  -9.742e+06  9.742e+06  -7.737e-02 
2.521e+00  7.953e+00  -2.421e+07  2.421e+07  -2.445e-01 
-9.742e+06  -2.421e+07  8.819e+15  -8.819e+15  9.261e+05 
9.742e+06  2.421e+07  -8.819e+15  8.819e+15  -9.261e+05 
-7.737e-02  -2.445e-01  9.261e+05  -9.261e+05  9.346e-03 

f225w filter: 
log(z) = 0.0, log(g) = 4.0
	 Damped-oscillator fit coefficients: 
7.823e-01  1.541e+00  -1.401e-02  -6.778e-03  1.916e-02 
	 Covariance matrix: 
2.131e-01  8.535e-01  -2.836e+06  2.836e+06  -8.862e-03 
8.535e-01  3.592e+00  -1.157e+07  1.157e+07  -3.941e-02 
-2.836e+06  -1.157e+07  8.691e+15  -8.691e+15  5.215e+04 
2.836e+06  1.157e+07  -8.691e+15  8.691e+15  -5.215e+04 
-8.862e-03  -3.941e-02  5.215e+04  -5.215e+04  1.075e-03 

f225w filter: 
log(z) = 0.0, log(g) = 4.5
	 Damped-oscillator fit coefficients: 
8.039e-01  1.638e+00  -1.404e-02  -5.593e-03  2.010e-02 
	 Covariance matrix: 
1.266e-01  5.718e-01  4.119e+05  -4.119e+05  -2.927e-03 
5.718e-01  2.720e+00  3.455e+06  -3.455e+06  -1.531e-02 
4.119e+05  3.455e+06  1.049e+16  -1.049e+16  -5.821e+04 
-4.119e+05  -3.455e+06  -1.049e+16  1.049e+16  5.821e+04 
-2.927e-03  -1.531e-02  -5.821e+04  5.821e+04  4.623e-04 

f225w filter: 
log(z) = 0.0, log(g) = 5.0
	 Damped-oscillator fit coefficients: 
8.339e-01  1.797e+00  -1.270e-02  -4.629e-03  2.032e-02 
	 Covariance matrix: 
9.144e-02  5.297e-01  4.885e+06  -4.885e+06  -2.390e-03 
5.297e-01  3.190e+00  3.622e+07  -3.622e+07  -1.560e-02 
4.885e+06  3.622e+07  8.163e+15  -8.163e+15  -4.332e+04 
-4.885e+06  -3.622e+07  -8.163e+15  8.163e+15  4.332e+04 
-2.390e-03  -1.560e-02  -4.332e+04  4.332e+04  4.265e-04 

f275w filter: 
log(z) = 0.0, log(g) = 0.0
	 Damped-oscillator fit coefficients: 
2.426e+00  5.505e+00  3.963e-02  -1.453e-18  -2.258e-01 
	 Covariance matrix: 
2.452e-70  0.000e+00  -5.658e-70  -8.781e-54  -9.314e-71 
0.000e+00  0.000e+00  -0.000e+00  -0.000e+00  -0.000e+00 
-5.658e-70  -0.000e+00  1.306e-69  2.026e-53  2.149e-70 
-8.781e-54  -0.000e+00  2.026e-53  3.145e-37  3.335e-54 
-9.314e-71  -0.000e+00  2.149e-70  3.335e-54  3.538e-71 

f275w filter: 
log(z) = 0.0, log(g) = 0.5
	 Damped-oscillator fit coefficients: 
2.450e+00  5.333e+00  2.599e-03  -2.146e-18  -2.033e-02 
	 Covariance matrix: 
2.194e-69  0.000e+00  -7.639e-69  -5.897e-53  -1.354e-69 
0.000e+00  0.000e+00  -0.000e+00  -0.000e+00  -0.000e+00 
-7.639e-69  -0.000e+00  2.660e-68  2.053e-52  4.714e-69 
-5.897e-53  -0.000e+00  2.053e-52  1.585e-36  3.639e-53 
-1.354e-69  -0.000e+00  4.714e-69  3.639e-53  8.353e-70 

f275w filter: 
log(z) = 0.0, log(g) = 1.0
	 Damped-oscillator fit coefficients: 
2.450e+00  5.243e+00  -5.911e-03  -2.838e-18  2.102e-02 
	 Covariance matrix: 
1.310e-68  0.000e+00  -6.402e-68  -2.788e-52  -1.151e-68 
0.000e+00  0.000e+00  -0.000e+00  -0.000e+00  -0.000e+00 
-6.402e-68  -0.000e+00  3.129e-67  1.362e-51  5.626e-68 
-2.788e-52  -0.000e+00  1.362e-51  5.933e-36  2.450e-52 
-1.151e-68  -0.000e+00  5.626e-68  2.450e-52  1.012e-68 

f275w filter: 
log(z) = 0.0, log(g) = 1.5
	 Damped-oscillator fit coefficients: 
9.935e-01  1.000e+01  3.575e-08  3.587e-08  -3.627e-03 
	 Covariance matrix: 
6.739e-03  6.050e+00  -3.454e-07  -3.757e-07  7.284e-03 
6.050e+00  5.487e+03  -3.147e-04  -3.422e-04  6.906e+00 
-3.454e-07  -3.147e-04  1.809e-11  1.966e-11  -4.033e-07 
-3.757e-07  -3.422e-04  1.966e-11  2.138e-11  -4.378e-07 
7.284e-03  6.906e+00  -4.033e-07  -4.378e-07  1.093e-02 

f275w filter: 
log(z) = 0.0, log(g) = 2.0
	 Damped-oscillator fit coefficients: 
9.940e-01  1.000e+01  4.052e-08  4.008e-08  -6.305e-03 
	 Covariance matrix: 
2.290e-03  1.920e+00  -1.413e-07  -9.638e-08  1.099e-03 
1.920e+00  1.617e+03  -1.193e-04  -8.151e-05  9.720e-01 
-1.413e-07  -1.193e-04  8.824e-12  6.036e-12  -7.402e-08 
-9.638e-08  -8.151e-05  6.036e-12  4.131e-12  -5.130e-08 
1.099e-03  9.720e-01  -7.402e-08  -5.130e-08  1.244e-03 

f275w filter: 
log(z) = 0.0, log(g) = 2.5
	 Damped-oscillator fit coefficients: 
9.845e-01  6.076e+00  1.436e-05  1.436e-05  -1.056e-02 
	 Covariance matrix: 
7.613e-03  1.484e+00  8.527e+06  -8.527e+06  2.235e-03 
1.484e+00  2.901e+02  1.619e+09  -1.619e+09  4.524e-01 
8.527e+06  1.619e+09  6.477e+17  -6.477e+17  4.770e+06 
-8.527e+06  -1.619e+09  -6.477e+17  6.477e+17  -4.770e+06 
2.235e-03  4.524e-01  4.770e+06  -4.770e+06  1.334e-03 

f275w filter: 
log(z) = 0.0, log(g) = 3.0
	 Damped-oscillator fit coefficients: 
9.899e-01  7.479e+00  1.662e-06  1.662e-06  -6.908e-03 
	 Covariance matrix: 
3.763e-03  1.374e+00  -3.258e-06  -3.258e-06  7.794e-04 
1.374e+00  5.028e+02  -1.195e-03  -1.195e-03  2.966e-01 
-3.258e-06  -1.195e-03  2.862e-09  2.862e-09  -7.551e-07 
-3.258e-06  -1.195e-03  2.862e-09  2.862e-09  -7.551e-07 
7.794e-04  2.966e-01  -7.551e-07  -7.551e-07  5.442e-04 

f275w filter: 
log(z) = 0.0, log(g) = 3.5
	 Damped-oscillator fit coefficients: 
4.000e-01  9.183e-01  -5.019e-03  -5.017e-03  5.321e-03 
	 Covariance matrix: 
6.482e+01  1.100e+02  2.746e+08  -2.746e+08  -2.169e+00 
1.100e+02  1.977e+02  3.726e+08  -3.726e+08  -3.967e+00 
2.746e+08  3.726e+08  8.368e+16  -8.368e+16  -9.076e+06 
-2.746e+08  -3.726e+08  -8.368e+16  8.368e+16  9.076e+06 
-2.169e+00  -3.967e+00  -9.076e+06  9.076e+06  8.361e-02 

f275w filter: 
log(z) = 0.0, log(g) = 4.0
	 Damped-oscillator fit coefficients: 
4.000e-01  1.061e+00  -4.000e-03  -4.010e-03  3.386e-03 
	 Covariance matrix: 
1.657e+01  1.694e+01  -4.298e+08  4.298e+08  -1.071e-01 
1.694e+01  2.470e+01  -1.818e+08  1.818e+08  -2.051e-01 
-4.298e+08  -1.818e+08  2.826e+17  -2.826e+17  3.251e+05 
4.298e+08  1.818e+08  -2.826e+17  2.826e+17  -3.251e+05 
-1.071e-01  -2.051e-01  3.251e+05  -3.251e+05  2.637e-03 

f275w filter: 
log(z) = 0.0, log(g) = 4.5
	 Damped-oscillator fit coefficients: 
4.000e-01  1.131e+00  -3.746e-03  -3.746e-03  3.001e-03 
	 Covariance matrix: 
8.998e+00  4.887e+00  -2.128e+08  2.128e+08  2.730e-02 
4.887e+00  6.746e+00  -1.502e+08  1.502e+08  -1.641e-02 
-2.128e+08  -1.502e+08  2.233e+17  -2.233e+17  -8.270e+04 
2.128e+08  1.502e+08  -2.233e+17  2.233e+17  8.270e+04 
2.730e-02  -1.641e-02  -8.270e+04  8.270e+04  6.027e-04 

f275w filter: 
log(z) = 0.0, log(g) = 5.0
	 Damped-oscillator fit coefficients: 
4.000e-01  1.154e+00  -3.881e-03  -3.885e-03  3.311e-03 
	 Covariance matrix: 
7.997e+00  3.874e+00  -9.081e+07  9.081e+07  3.025e-02 
3.874e+00  5.306e+00  1.387e+07  -1.387e+07  -1.175e-02 
-9.081e+07  1.387e+07  1.686e+17  -1.686e+17  -5.745e+05 
9.081e+07  -1.387e+07  -1.686e+17  1.686e+17  5.745e+05 
3.025e-02  -1.175e-02  -5.745e+05  5.745e+05  5.741e-04 

