f218w filter: 
log(z) = -1.0, log(g) = 0.0
	 Damped-oscillator fit coefficients: 
4.000e-01  -1.590e+00  2.000e+00  2.000e+00  1.523e+00 
	 Covariance matrix: 
1.971e+04  1.981e+04  6.531e+04  6.531e+04  -6.920e+04 
1.981e+04  1.994e+04  6.565e+04  6.565e+04  -6.962e+04 
6.531e+04  6.565e+04  2.164e+05  2.164e+05  -2.293e+05 
6.531e+04  6.565e+04  2.164e+05  2.164e+05  -2.293e+05 
-6.920e+04  -6.962e+04  -2.293e+05  -2.293e+05  2.431e+05 

f218w filter: 
log(z) = -1.0, log(g) = 0.5
	 Damped-oscillator fit coefficients: 
8.035e-01  2.090e+00  1.315e+00  1.463e+00  -3.000e+00 
	 Covariance matrix: 
5.180e-01  4.640e+00  -9.616e+05  9.615e+05  3.510e+01 
4.640e+00  4.158e+01  -8.601e+06  8.601e+06  3.147e+02 
-9.616e+05  -8.601e+06  3.140e+12  -3.140e+12  -6.492e+07 
9.615e+05  8.601e+06  -3.140e+12  3.140e+12  6.491e+07 
3.510e+01  3.147e+02  -6.492e+07  6.491e+07  2.384e+03 

f218w filter: 
log(z) = -1.0, log(g) = 1.0
	 Damped-oscillator fit coefficients: 
9.447e-01  5.201e+00  1.606e-02  1.606e-02  2.487e+00 
	 Covariance matrix: 
2.387e-03  1.630e-01  -3.465e-03  -3.465e-03  4.897e-02 
1.630e-01  1.123e+01  -2.398e-01  -2.398e-01  3.428e+00 
-3.465e-03  -2.398e-01  5.132e-03  5.132e-03  -7.372e-02 
-3.465e-03  -2.398e-01  5.132e-03  5.132e-03  -7.372e-02 
4.897e-02  3.428e+00  -7.372e-02  -7.372e-02  1.073e+00 

f218w filter: 
log(z) = -1.0, log(g) = 1.5
	 Damped-oscillator fit coefficients: 
9.748e-01  8.746e+00  2.155e-04  2.152e-04  2.839e+00 
	 Covariance matrix: 
1.698e-04  5.438e-02  -1.447e-05  -1.447e-05  1.552e-03 
5.438e-02  1.922e+01  -5.197e-03  -5.197e-03  6.128e-01 
-1.447e-05  -5.197e-03  1.409e-06  1.409e-06  -1.682e-04 
-1.447e-05  -5.197e-03  1.409e-06  1.409e-06  -1.682e-04 
1.552e-03  6.128e-01  -1.682e-04  -1.682e-04  2.231e-02 

f218w filter: 
log(z) = -1.0, log(g) = 2.0
	 Damped-oscillator fit coefficients: 
9.799e-01  1.000e+01  5.073e-05  5.072e-05  2.885e+00 
	 Covariance matrix: 
5.690e-05  2.160e-02  -5.779e+03  5.779e+03  1.299e-04 
2.160e-02  9.734e+00  -2.871e+06  2.871e+06  8.015e-02 
-5.779e+03  -2.871e+06  6.151e+13  -6.151e+13  -2.326e+04 
5.779e+03  2.871e+06  -6.151e+13  6.151e+13  2.326e+04 
1.299e-04  8.015e-02  -2.326e+04  2.326e+04  1.297e-03 

f218w filter: 
log(z) = -1.0, log(g) = 2.5
	 Damped-oscillator fit coefficients: 
9.815e-01  1.000e+01  5.508e-05  5.510e-05  2.894e+00 
	 Covariance matrix: 
5.554e-05  1.818e-02  9.440e+03  -9.440e+03  7.622e-05 
1.818e-02  6.459e+00  2.810e+06  -2.810e+06  3.530e-02 
9.440e+03  2.810e+06  1.463e+13  -1.463e+13  1.021e+04 
-9.440e+03  -2.810e+06  -1.463e+13  1.463e+13  -1.021e+04 
7.622e-05  3.530e-02  1.021e+04  -1.021e+04  5.875e-04 

f218w filter: 
log(z) = -1.0, log(g) = 3.0
	 Damped-oscillator fit coefficients: 
9.823e-01  1.000e+01  7.852e-05  3.519e-05  2.900e+00 
	 Covariance matrix: 
8.603e-05  2.590e-02  -8.941e+04  8.941e+04  7.591e-05 
2.590e-02  8.143e+00  -2.495e+07  2.495e+07  2.961e-02 
-8.941e+04  -2.495e+07  2.019e+14  -2.019e+14  -5.483e+04 
8.941e+04  2.495e+07  -2.019e+14  2.019e+14  5.483e+04 
7.591e-05  2.961e-02  -5.483e+04  5.483e+04  4.265e-04 

f218w filter: 
log(z) = -1.0, log(g) = 3.5
	 Damped-oscillator fit coefficients: 
4.000e-01  -6.826e-01  4.087e-01  4.085e-01  2.139e+00 
	 Covariance matrix: 
3.436e-02  -5.954e-02  -6.215e+04  6.215e+04  1.165e-01 
-5.954e-02  1.080e-01  1.035e+05  -1.035e+05  -2.072e-01 
-6.215e+04  1.035e+05  3.931e+12  -3.931e+12  -1.928e+05 
6.215e+04  -1.035e+05  -3.931e+12  3.931e+12  1.928e+05 
1.165e-01  -2.072e-01  -1.928e+05  1.928e+05  4.072e-01 

f218w filter: 
log(z) = -1.0, log(g) = 4.0
	 Damped-oscillator fit coefficients: 
9.826e-01  1.000e+01  5.611e-05  5.611e-05  2.909e+00 
	 Covariance matrix: 
4.598e-05  1.440e-02  -8.818e-07  -8.818e-07  3.491e-05 
1.440e-02  4.762e+00  -2.981e-04  -2.981e-04  1.506e-02 
-8.818e-07  -2.981e-04  1.882e-08  1.882e-08  -1.015e-06 
-8.818e-07  -2.981e-04  1.882e-08  1.882e-08  -1.015e-06 
3.491e-05  1.506e-02  -1.015e-06  -1.015e-06  2.680e-04 

f218w filter: 
log(z) = -1.0, log(g) = 4.5
	 Damped-oscillator fit coefficients: 
9.823e-01  1.000e+01  6.989e-05  3.875e-05  2.914e+00 
	 Covariance matrix: 
4.748e-05  1.476e-02  -8.769e-07  -8.769e-07  2.783e-05 
1.476e-02  4.871e+00  -2.961e-04  -2.961e-04  1.227e-02 
-8.769e-07  -2.961e-04  1.815e-08  1.815e-08  -8.051e-07 
-8.769e-07  -2.961e-04  1.815e-08  1.815e-08  -8.051e-07 
2.783e-05  1.227e-02  -8.051e-07  -8.051e-07  2.114e-04 

f218w filter: 
log(z) = -1.0, log(g) = 5.0
	 Damped-oscillator fit coefficients: 
4.000e-01  -2.584e-01  6.252e-01  6.248e-01  1.627e+00 
	 Covariance matrix: 
1.392e-01  -1.019e-01  -6.351e+04  6.350e+04  9.445e-01 
-1.019e-01  7.499e-02  4.659e+04  -4.659e+04  -6.922e-01 
-6.351e+04  4.659e+04  1.442e+12  -1.442e+12  -4.433e+05 
6.350e+04  -4.659e+04  -1.442e+12  1.442e+12  4.433e+05 
9.445e-01  -6.922e-01  -4.433e+05  4.433e+05  6.435e+00 

f225w filter: 
log(z) = -1.0, log(g) = 0.0
	 Damped-oscillator fit coefficients: 
9.835e-01  1.000e+01  -6.612e-05  1.825e-04  2.350e+00 
	 Covariance matrix: 
4.328e-03  3.182e+00  2.066e+04  -2.066e+04  1.893e-01 
3.182e+00  2.385e+03  1.283e+07  -1.283e+07  1.444e+02 
2.066e+04  1.283e+07  4.193e+12  -4.193e+12  5.921e+05 
-2.066e+04  -1.283e+07  -4.193e+12  4.193e+12  -5.921e+05 
1.893e-01  1.444e+02  5.921e+05  -5.921e+05  8.889e+00 

f225w filter: 
log(z) = -1.0, log(g) = 0.5
	 Damped-oscillator fit coefficients: 
9.781e-01  1.000e+01  3.408e-05  3.400e-05  2.489e+00 
	 Covariance matrix: 
1.227e-04  7.572e-02  -3.162e-06  -3.162e-06  5.993e-04 
7.572e-02  3.697e+02  -1.645e-02  -1.645e-02  6.916e+00 
-3.162e-06  -1.645e-02  7.326e-07  7.326e-07  -3.093e-04 
-3.162e-06  -1.645e-02  7.326e-07  7.326e-07  -3.093e-04 
5.993e-04  6.916e+00  -3.093e-04  -3.093e-04  1.369e-01 

f225w filter: 
log(z) = -1.0, log(g) = 1.0
	 Damped-oscillator fit coefficients: 
9.760e-01  1.000e+01  2.751e-05  2.754e-05  2.519e+00 
	 Covariance matrix: 
1.460e-04  -4.680e-02  1.818e-06  1.818e-06  -1.107e-03 
-4.680e-02  2.840e+02  -1.003e-02  -1.003e-02  3.186e+00 
1.818e-06  -1.003e-02  3.543e-07  3.543e-07  -1.132e-04 
1.818e-06  -1.003e-02  3.543e-07  3.543e-07  -1.132e-04 
-1.107e-03  3.186e+00  -1.132e-04  -1.132e-04  3.917e-02 

f225w filter: 
log(z) = -1.0, log(g) = 1.5
	 Damped-oscillator fit coefficients: 
9.748e-01  1.000e+01  2.326e-05  2.337e-05  2.535e+00 
	 Covariance matrix: 
1.784e-04  -5.607e-02  1.797e-06  1.797e-06  -8.571e-04 
-5.607e-02  2.322e+02  -6.839e-03  -6.839e-03  1.709e+00 
1.797e-06  -6.839e-03  2.016e-07  2.016e-07  -5.071e-05 
1.797e-06  -6.839e-03  2.016e-07  2.016e-07  -5.071e-05 
-8.571e-04  1.709e+00  -5.071e-05  -5.071e-05  1.454e-02 

f225w filter: 
log(z) = -1.0, log(g) = 2.0
	 Damped-oscillator fit coefficients: 
9.689e-01  1.000e+01  1.825e-05  1.823e-05  2.562e+00 
	 Covariance matrix: 
4.891e-04  -2.142e-01  4.707e-06  4.707e-06  -7.017e-04 
-2.142e-01  2.012e+02  -4.346e-03  -4.346e-03  4.492e-01 
4.707e-06  -4.346e-03  9.391e-08  9.391e-08  -9.756e-06 
4.707e-06  -4.346e-03  9.391e-08  9.391e-08  -9.756e-06 
-7.017e-04  4.492e-01  -9.756e-06  -9.756e-06  1.600e-03 

f225w filter: 
log(z) = -1.0, log(g) = 2.5
	 Damped-oscillator fit coefficients: 
4.000e-01  -7.934e-01  3.585e-01  3.585e-01  1.946e+00 
	 Covariance matrix: 
9.544e-02  -5.383e-01  -3.011e-01  -3.011e-01  6.088e-01 
-5.383e-01  6.060e+00  3.239e+00  3.239e+00  -6.544e+00 
-3.011e-01  3.239e+00  1.738e+00  1.738e+00  -3.510e+00 
-3.011e-01  3.239e+00  1.738e+00  1.738e+00  -3.510e+00 
6.088e-01  -6.544e+00  -3.510e+00  -3.510e+00  7.089e+00 

f225w filter: 
log(z) = -1.0, log(g) = 3.0
	 Damped-oscillator fit coefficients: 
9.627e-01  1.000e+01  1.058e-05  1.977e-05  2.584e+00 
	 Covariance matrix: 
1.292e-03  -6.113e-01  1.021e-05  1.021e-05  -5.638e-04 
-6.113e-01  4.187e+02  -6.975e-03  -6.975e-03  2.891e-01 
1.021e-05  -6.975e-03  1.162e-07  1.162e-07  -4.815e-06 
1.021e-05  -6.975e-03  1.162e-07  1.162e-07  -4.815e-06 
-5.638e-04  2.891e-01  -4.815e-06  -4.815e-06  4.929e-04 

f225w filter: 
log(z) = -1.0, log(g) = 3.5
	 Damped-oscillator fit coefficients: 
4.000e-01  -6.325e-01  3.366e-01  3.372e-01  1.946e+00 
	 Covariance matrix: 
7.176e-02  -1.227e-01  -9.235e+04  9.235e+04  2.131e-01 
-1.227e-01  2.188e-01  1.439e+05  -1.439e+05  -3.728e-01 
-9.235e+04  1.439e+05  1.166e+13  -1.166e+13  -2.379e+05 
9.235e+04  -1.439e+05  -1.166e+13  1.166e+13  2.379e+05 
2.131e-01  -3.728e-01  -2.379e+05  2.379e+05  6.482e-01 

f225w filter: 
log(z) = -1.0, log(g) = 4.0
	 Damped-oscillator fit coefficients: 
9.579e-01  1.000e+01  1.485e-05  1.485e-05  2.597e+00 
	 Covariance matrix: 
1.853e-03  -1.125e+00  1.729e-05  1.729e-05  -4.931e-04 
-1.125e+00  8.894e+02  -1.368e-02  -1.368e-02  3.063e-01 
1.729e-05  -1.368e-02  2.106e-07  2.106e-07  -4.702e-06 
1.729e-05  -1.368e-02  2.106e-07  2.106e-07  -4.702e-06 
-4.931e-04  3.063e-01  -4.702e-06  -4.702e-06  3.172e-04 

f225w filter: 
log(z) = -1.0, log(g) = 4.5
	 Damped-oscillator fit coefficients: 
9.549e-01  1.000e+01  1.534e-05  1.534e-05  2.603e+00 
	 Covariance matrix: 
1.452e-03  -1.161e+00  1.779e-05  1.779e-05  -3.423e-04 
-1.161e+00  1.286e+03  -1.976e-02  -1.976e-02  2.863e-01 
1.779e-05  -1.976e-02  3.036e-07  3.036e-07  -4.385e-06 
1.779e-05  -1.976e-02  3.036e-07  3.036e-07  -4.385e-06 
-3.423e-04  2.863e-01  -4.385e-06  -4.385e-06  2.383e-04 

f225w filter: 
log(z) = -1.0, log(g) = 5.0
	 Damped-oscillator fit coefficients: 
9.521e-01  1.000e+01  1.573e-05  1.573e-05  2.604e+00 
	 Covariance matrix: 
6.722e-04  -6.646e-01  1.011e-05  1.011e-05  -1.873e-04 
-6.646e-01  1.555e+03  -2.380e-02  -2.380e-02  2.518e-01 
1.011e-05  -2.380e-02  3.642e-07  3.642e-07  -3.836e-06 
1.011e-05  -2.380e-02  3.642e-07  3.642e-07  -3.836e-06 
-1.873e-04  2.518e-01  -3.836e-06  -3.836e-06  2.123e-04 

f275w filter: 
log(z) = -1.0, log(g) = 0.0
	 Damped-oscillator fit coefficients: 
9.521e-01  1.000e+01  1.573e-05  1.573e-05  2.604e+00 
	 Covariance matrix: 
6.722e-04  -6.646e-01  1.011e-05  1.011e-05  -1.873e-04 
-6.646e-01  1.555e+03  -2.380e-02  -2.380e-02  2.518e-01 
1.011e-05  -2.380e-02  3.642e-07  3.642e-07  -3.836e-06 
1.011e-05  -2.380e-02  3.642e-07  3.642e-07  -3.836e-06 
-1.873e-04  2.518e-01  -3.836e-06  -3.836e-06  2.123e-04 

f275w filter: 
log(z) = -1.0, log(g) = 0.5
	 Damped-oscillator fit coefficients: 
8.823e-01  5.126e+00  9.525e-04  9.528e-04  2.017e+00 
	 Covariance matrix: 
1.229e+02  2.110e+04  -2.422e+01  -2.422e+01  2.147e+02 
2.110e+04  3.629e+06  -4.164e+03  -4.164e+03  3.692e+04 
-2.422e+01  -4.164e+03  4.778e+00  4.778e+00  -4.237e+01 
-2.422e+01  -4.164e+03  4.778e+00  4.778e+00  -4.237e+01 
2.147e+02  3.692e+04  -4.237e+01  -4.237e+01  3.757e+02 

f275w filter: 
log(z) = -1.0, log(g) = 1.0
	 Damped-oscillator fit coefficients: 
8.493e-01  4.591e+00  1.680e-03  1.680e-03  2.022e+00 
	 Covariance matrix: 
1.506e+02  1.219e+04  -2.439e+01  -2.439e+01  1.465e+02 
1.219e+04  9.882e+05  -1.977e+03  -1.977e+03  1.188e+04 
-2.439e+01  -1.977e+03  3.955e+00  3.955e+00  -2.376e+01 
-2.439e+01  -1.977e+03  3.955e+00  3.955e+00  -2.376e+01 
1.465e+02  1.188e+04  -2.376e+01  -2.376e+01  1.427e+02 

f275w filter: 
log(z) = -1.0, log(g) = 1.5
	 Damped-oscillator fit coefficients: 
8.434e-01  4.701e+00  1.360e-03  1.360e-03  2.025e+00 
	 Covariance matrix: 
5.123e+01  3.700e+03  -5.744e+00  -5.744e+00  3.206e+01 
3.700e+03  2.678e+05  -4.158e+02  -4.158e+02  2.323e+03 
-5.744e+00  -4.158e+02  6.456e-01  6.456e-01  -3.606e+00 
-5.744e+00  -4.158e+02  6.456e-01  6.456e-01  -3.606e+00 
3.206e+01  2.323e+03  -3.606e+00  -3.606e+00  2.015e+01 

f275w filter: 
log(z) = -1.0, log(g) = 2.0
	 Damped-oscillator fit coefficients: 
8.413e-01  5.684e+00  4.887e-04  4.887e-04  2.034e+00 
	 Covariance matrix: 
1.279e+00  6.608e+01  -3.091e-02  -3.091e-02  1.261e-01 
6.608e+01  3.495e+03  -1.631e+00  -1.631e+00  6.838e+00 
-3.091e-02  -1.631e+00  7.610e-04  7.610e-04  -3.179e-03 
-3.091e-02  -1.631e+00  7.610e-04  7.610e-04  -3.179e-03 
1.261e-01  6.838e+00  -3.179e-03  -3.179e-03  1.422e-02 

f275w filter: 
log(z) = -1.0, log(g) = 2.5
	 Damped-oscillator fit coefficients: 
4.000e-01  -8.408e-01  1.027e-01  1.027e-01  1.857e+00 
	 Covariance matrix: 
8.116e-01  -4.409e+00  -6.621e-01  -6.621e-01  1.342e+00 
-4.409e+00  5.914e+01  8.404e+00  8.404e+00  -1.701e+01 
-6.621e-01  8.404e+00  1.199e+00  1.199e+00  -2.427e+00 
-6.621e-01  8.404e+00  1.199e+00  1.199e+00  -2.427e+00 
1.342e+00  -1.701e+01  -2.427e+00  -2.427e+00  4.911e+00 

f275w filter: 
log(z) = -1.0, log(g) = 3.0
	 Damped-oscillator fit coefficients: 
4.000e-01  -8.811e-01  8.200e-02  9.023e-02  1.885e+00 
	 Covariance matrix: 
5.175e-01  -1.326e+00  -3.427e+05  3.427e+05  3.619e-01 
-1.326e+00  3.844e+00  7.952e+05  -7.952e+05  -1.012e+00 
-3.427e+05  7.952e+05  9.647e+12  -9.647e+12  -2.024e+05 
3.427e+05  -7.952e+05  -9.647e+12  9.647e+12  2.024e+05 
3.619e-01  -1.012e+00  -2.024e+05  2.024e+05  2.730e-01 

f275w filter: 
log(z) = -1.0, log(g) = 3.5
	 Damped-oscillator fit coefficients: 
4.000e-01  -5.757e-01  1.218e-01  1.218e-01  1.808e+00 
	 Covariance matrix: 
8.642e-01  -1.442e+00  -4.989e-01  -4.989e-01  9.910e-01 
-1.442e+00  2.499e+00  8.468e-01  8.468e-01  -1.686e+00 
-4.989e-01  8.468e-01  2.929e-01  2.929e-01  -5.820e-01 
-4.989e-01  8.468e-01  2.929e-01  2.929e-01  -5.820e-01 
9.910e-01  -1.686e+00  -5.820e-01  -5.820e-01  1.157e+00 

f275w filter: 
log(z) = -1.0, log(g) = 4.0
	 Damped-oscillator fit coefficients: 
4.000e-01  -3.562e-01  1.686e-01  1.676e-01  1.707e+00 
	 Covariance matrix: 
1.500e+00  -1.566e+00  -1.327e+00  -1.327e+00  2.638e+00 
-1.566e+00  1.655e+00  1.391e+00  1.391e+00  -2.765e+00 
-1.327e+00  1.391e+00  1.181e+00  1.181e+00  -2.347e+00 
-1.327e+00  1.391e+00  1.181e+00  1.181e+00  -2.347e+00 
2.638e+00  -2.765e+00  -2.347e+00  -2.347e+00  4.664e+00 

f275w filter: 
log(z) = -1.0, log(g) = 4.5
	 Damped-oscillator fit coefficients: 
4.000e-01  -2.378e-01  2.062e-01  2.018e-01  1.629e+00 
	 Covariance matrix: 
2.271e+00  -1.602e+00  -3.935e+05  3.935e+05  5.117e+00 
-1.602e+00  1.138e+00  3.267e+05  -3.267e+05  -3.615e+00 
-3.935e+05  3.267e+05  6.212e+12  -6.212e+12  -8.990e+05 
3.935e+05  -3.267e+05  -6.212e+12  6.212e+12  8.990e+05 
5.117e+00  -3.615e+00  -8.990e+05  8.990e+05  1.156e+01 

f275w filter: 
log(z) = -1.0, log(g) = 5.0
	 Damped-oscillator fit coefficients: 
4.000e-01  -2.297e-01  2.064e-01  2.059e-01  1.625e+00 
	 Covariance matrix: 
2.367e+00  -1.614e+00  -2.809e+05  2.809e+05  5.411e+00 
-1.614e+00  1.106e+00  2.023e+05  -2.023e+05  -3.693e+00 
-2.809e+05  2.023e+05  2.878e+12  -2.878e+12  -6.670e+05 
2.809e+05  -2.023e+05  -2.878e+12  2.878e+12  6.669e+05 
5.411e+00  -3.693e+00  -6.670e+05  6.669e+05  1.240e+01 

