f218w filter: 
log(z) = 0.5, log(g) = 0.0
	 Damped-oscillator fit coefficients: 
8.660e-01  2.138e+00  3.780e-09  -3.732e-09  5.000e-01 
	 Covariance matrix: 
6.640e+14  8.015e+06  -1.749e+14  1.749e+14  -1.907e+08 
8.015e+06  1.167e-01  -3.085e+06  3.085e+06  -2.161e+00 
-1.749e+14  -3.085e+06  9.354e+13  -9.354e+13  4.339e+07 
1.749e+14  3.085e+06  -9.354e+13  9.354e+13  -4.339e+07 
-1.907e+08  -2.161e+00  4.339e+07  -4.339e+07  1.142e+02 

f218w filter: 
log(z) = 0.5, log(g) = 0.5
	 Damped-oscillator fit coefficients: 
8.415e-01  2.023e+00  -1.107e-10  1.107e-10  5.000e-01 
	 Covariance matrix: 
0.000e+00  0.000e+00  0.000e+00  0.000e+00  0.000e+00 
0.000e+00  2.922e-04  9.992e+04  -9.992e+04  -8.820e-03 
0.000e+00  9.992e+04  3.417e+13  -3.417e+13  -3.016e+06 
0.000e+00  -9.992e+04  -3.417e+13  3.417e+13  3.016e+06 
0.000e+00  -8.820e-03  -3.016e+06  3.016e+06  3.346e+00 

f218w filter: 
log(z) = 0.5, log(g) = 1.0
	 Damped-oscillator fit coefficients: 
5.572e-01  2.105e-01  -3.594e-10  4.000e-10  5.000e-01 
	 Covariance matrix: 
0.000e+00  0.000e+00  0.000e+00  0.000e+00  0.000e+00 
0.000e+00  3.977e-03  -3.410e+05  3.410e+05  1.854e-02 
0.000e+00  -3.410e+05  2.924e+13  -2.924e+13  -1.590e+06 
0.000e+00  3.410e+05  -2.924e+13  2.924e+13  1.590e+06 
0.000e+00  1.854e-02  -1.590e+06  1.590e+06  5.802e+00 

f218w filter: 
log(z) = 0.5, log(g) = 1.5
	 Damped-oscillator fit coefficients: 
5.987e-01  2.186e-01  1.823e-10  -1.819e-10  5.000e-01 
	 Covariance matrix: 
0.000e+00  0.000e+00  0.000e+00  0.000e+00  0.000e+00 
0.000e+00  4.363e-05  2.358e+04  -2.358e+04  5.921e-05 
0.000e+00  2.358e+04  1.275e+13  -1.275e+13  3.200e+04 
0.000e+00  -2.358e+04  -1.275e+13  1.275e+13  -3.200e+04 
0.000e+00  5.921e-05  3.200e+04  -3.200e+04  2.529e+00 

f218w filter: 
log(z) = 0.5, log(g) = 2.0
	 Damped-oscillator fit coefficients: 
4.000e-01  1.152e-07  6.907e-02  6.907e-02  3.619e-01 
	 Covariance matrix: 
4.682e+13  -1.165e+07  -3.138e+13  2.840e+13  2.983e+12 
-1.165e+07  2.125e+01  7.537e+06  -2.775e+07  2.021e+07 
-3.138e+13  7.537e+06  1.118e+14  -1.081e+14  -3.683e+12 
2.840e+13  -2.775e+07  -1.081e+14  1.313e+14  -2.319e+13 
2.983e+12  2.021e+07  -3.683e+12  -2.319e+13  2.687e+13 

f218w filter: 
log(z) = 0.5, log(g) = 2.5
	 Damped-oscillator fit coefficients: 
4.000e-01  9.682e-08  1.019e-01  1.019e-01  2.962e-01 
	 Covariance matrix: 
2.531e+13  -1.070e+06  -1.079e+13  -7.629e+10  1.086e+13 
-1.070e+06  5.358e+00  -7.188e+06  -2.434e+06  9.622e+06 
-1.079e+13  -7.188e+06  2.074e+14  -1.855e+14  -2.190e+13 
-7.629e+10  -2.434e+06  -1.855e+14  1.885e+14  -2.958e+12 
1.086e+13  9.622e+06  -2.190e+13  -2.958e+12  2.485e+13 

f218w filter: 
log(z) = 0.5, log(g) = 3.0
	 Damped-oscillator fit coefficients: 
8.686e-01  1.030e-16  9.414e-02  9.414e-02  3.117e-01 
	 Covariance matrix: 
0.000e+00  0.000e+00  0.000e+00  0.000e+00  0.000e+00 
0.000e+00  2.330e-02  -4.068e-04  -4.068e-04  -4.068e-04 
0.000e+00  -4.068e-04  3.025e-05  3.025e-05  3.025e-05 
0.000e+00  -4.068e-04  3.025e-05  3.025e-05  3.025e-05 
0.000e+00  -4.068e-04  3.025e-05  3.025e-05  3.025e-05 

f218w filter: 
log(z) = 0.5, log(g) = 3.5
	 Damped-oscillator fit coefficients: 
5.100e-01  1.909e-02  -1.603e-10  1.602e-10  5.000e-01 
	 Covariance matrix: 
0.000e+00  0.000e+00  0.000e+00  0.000e+00  0.000e+00 
0.000e+00  4.790e-04  9.391e+04  -9.391e+04  -8.614e-03 
0.000e+00  9.391e+04  1.841e+13  -1.841e+13  -1.689e+06 
0.000e+00  -9.391e+04  -1.841e+13  1.841e+13  1.689e+06 
0.000e+00  -8.614e-03  -1.689e+06  1.689e+06  3.715e+00 

f218w filter: 
log(z) = 0.5, log(g) = 4.0
	 Damped-oscillator fit coefficients: 
4.025e-01  1.108e-01  5.822e-11  1.214e-10  5.000e-01 
	 Covariance matrix: 
0.000e+00  0.000e+00  0.000e+00  0.000e+00  0.000e+00 
0.000e+00  8.085e+14  1.007e+07  -1.243e+07  2.385e+06 
0.000e+00  1.007e+07  1.420e-01  -1.382e-01  -3.175e-03 
0.000e+00  -1.243e+07  -1.382e-01  2.076e-01  -6.954e-02 
0.000e+00  2.385e+06  -3.175e-03  -6.954e-02  7.230e-02 

f218w filter: 
log(z) = 0.5, log(g) = 4.5
	 Damped-oscillator fit coefficients: 
4.799e-01  2.195e-01  -1.346e-13  1.916e-13  5.000e-01 
	 Covariance matrix: 
0.000e+00  0.000e+00  0.000e+00  0.000e+00  0.000e+00 
0.000e+00  1.093e-06  3.028e+03  -3.028e+03  4.668e-06 
0.000e+00  3.028e+03  8.390e+12  -8.390e+12  1.293e+04 
0.000e+00  -3.028e+03  -8.390e+12  8.390e+12  -1.293e+04 
0.000e+00  4.668e-06  1.293e+04  -1.293e+04  4.532e-03 

f218w filter: 
log(z) = 0.5, log(g) = 5.0
	 Damped-oscillator fit coefficients: 
4.653e-01  2.212e-01  6.136e-12  -6.102e-12  5.000e-01 
	 Covariance matrix: 
0.000e+00  0.000e+00  0.000e+00  0.000e+00  0.000e+00 
0.000e+00  7.157e-06  7.392e+03  -7.392e+03  1.189e-05 
0.000e+00  7.392e+03  7.634e+12  -7.634e+12  1.228e+04 
0.000e+00  -7.392e+03  -7.634e+12  7.634e+12  -1.228e+04 
0.000e+00  1.189e-05  1.228e+04  -1.228e+04  4.233e-03 

f225w filter: 
log(z) = 0.5, log(g) = 0.0
	 Damped-oscillator fit coefficients: 
9.890e-01  1.000e+01  -2.367e-04  -2.367e-04  3.000e-01 
	 Covariance matrix: 
5.956e-04  2.946e-01  1.161e+04  -1.161e+04  -6.600e-02 
2.946e-01  1.458e+02  4.016e+06  -4.016e+06  -3.274e+01 
1.161e+04  4.016e+06  2.513e+14  -2.513e+14  4.370e+06 
-1.161e+04  -4.016e+06  -2.513e+14  2.513e+14  -4.370e+06 
-6.600e-02  -3.274e+01  4.370e+06  -4.370e+06  7.604e+00 

f225w filter: 
log(z) = 0.5, log(g) = 0.5
	 Damped-oscillator fit coefficients: 
9.890e-01  1.000e+01  -2.139e-04  -2.141e-04  3.000e-01 
	 Covariance matrix: 
3.550e-05  1.713e-02  -2.513e+04  2.513e+04  -1.817e-03 
1.713e-02  8.267e+00  -1.204e+07  1.204e+07  -8.782e-01 
-2.513e+04  -1.204e+07  2.467e+14  -2.467e+14  8.500e+05 
2.513e+04  1.204e+07  -2.467e+14  2.467e+14  -8.500e+05 
-1.817e-03  -8.782e-01  8.500e+05  -8.500e+05  1.027e-01 

f225w filter: 
log(z) = 0.5, log(g) = 1.0
	 Damped-oscillator fit coefficients: 
9.890e-01  1.000e+01  9.349e-03  -9.742e-03  2.666e-01 
	 Covariance matrix: 
1.866e-05  8.953e-03  2.909e+02  -2.909e+02  -6.577e-04 
8.953e-03  4.298e+00  1.384e+05  -1.384e+05  -3.161e-01 
2.909e+02  1.384e+05  1.025e+11  -1.025e+11  -4.121e+03 
-2.909e+02  -1.384e+05  -1.025e+11  1.025e+11  4.121e+03 
-6.577e-04  -3.161e-01  -4.121e+03  4.121e+03  2.757e-02 

f225w filter: 
log(z) = 0.5, log(g) = 1.5
	 Damped-oscillator fit coefficients: 
3.000e+00  2.123e-01  3.000e-01  -2.774e-01  3.000e-01 
	 Covariance matrix: 
2.402e+13  -1.802e+12  4.938e+12  6.677e+09  -4.945e+12 
-1.802e+12  1.351e+11  -3.704e+11  -5.008e+08  3.709e+11 
4.938e+12  -3.704e+11  1.015e+12  1.372e+09  -1.016e+12 
6.677e+09  -5.008e+08  1.372e+09  1.857e+06  -1.374e+09 
-4.945e+12  3.709e+11  -1.016e+12  -1.374e+09  1.018e+12 

f225w filter: 
log(z) = 0.5, log(g) = 2.0
	 Damped-oscillator fit coefficients: 
1.072e+00  1.521e+00  3.000e-01  -1.055e-01  -1.854e-01 
	 Covariance matrix: 
1.005e+03  -2.134e+03  -1.639e+02  7.854e+02  -6.258e+02 
-2.134e+03  4.540e+03  3.399e+02  -1.664e+03  1.334e+03 
-1.639e+02  3.399e+02  3.290e+01  -1.302e+02  9.772e+01 
7.854e+02  -1.664e+03  -1.302e+02  6.143e+02  -4.873e+02 
-6.258e+02  1.334e+03  9.772e+01  -4.873e+02  3.925e+02 

f225w filter: 
log(z) = 0.5, log(g) = 2.5
	 Damped-oscillator fit coefficients: 
1.029e+00  1.687e+00  3.000e-01  -1.454e-01  -1.558e-01 
	 Covariance matrix: 
4.000e+01  -8.488e+01  -1.040e+02  1.200e+02  -1.587e+01 
-8.488e+01  1.821e+02  2.195e+02  -2.541e+02  3.419e+01 
-1.040e+02  2.195e+02  2.708e+02  -3.122e+02  4.093e+01 
1.200e+02  -2.541e+02  -3.122e+02  3.602e+02  -4.745e+01 
-1.587e+01  3.419e+01  4.093e+01  -4.745e+01  6.438e+00 

f225w filter: 
log(z) = 0.5, log(g) = 3.0
	 Damped-oscillator fit coefficients: 
1.001e+00  2.372e+00  3.000e-01  -2.599e-01  -3.265e-02 
	 Covariance matrix: 
4.188e+00  -1.315e+01  -5.561e+02  5.565e+02  -3.334e-01 
-1.315e+01  4.329e+01  1.745e+03  -1.747e+03  1.123e+00 
-5.561e+02  1.745e+03  7.384e+04  -7.389e+04  4.423e+01 
5.565e+02  -1.747e+03  -7.389e+04  7.394e+04  -4.426e+01 
-3.334e-01  1.123e+00  4.423e+01  -4.426e+01  3.080e-02 

f225w filter: 
log(z) = 0.5, log(g) = 3.5
	 Damped-oscillator fit coefficients: 
1.000e+00  2.615e+00  3.000e-01  -2.747e-01  -1.695e-02 
	 Covariance matrix: 
2.582e+00  -8.861e+00  -9.740e+02  9.741e+02  -9.540e-02 
-8.861e+00  3.270e+01  3.341e+03  -3.342e+03  3.685e-01 
-9.740e+02  3.341e+03  3.674e+05  -3.675e+05  3.597e+01 
9.741e+02  -3.342e+03  -3.675e+05  3.675e+05  -3.597e+01 
-9.540e-02  3.685e-01  3.597e+01  -3.597e+01  5.001e-03 

f225w filter: 
log(z) = 0.5, log(g) = 4.0
	 Damped-oscillator fit coefficients: 
1.000e+00  2.763e+00  2.938e-01  -2.755e-01  -8.937e-03 
	 Covariance matrix: 
1.987e+00  -7.204e+00  -1.380e+03  1.380e+03  -3.405e-02 
-7.204e+00  2.875e+01  5.000e+03  -5.001e+03  1.472e-01 
-1.380e+03  5.000e+03  9.578e+05  -9.578e+05  2.363e+01 
1.380e+03  -5.001e+03  -9.578e+05  9.579e+05  -2.363e+01 
-3.405e-02  1.472e-01  2.363e+01  -2.363e+01  1.248e-03 

f225w filter: 
log(z) = 0.5, log(g) = 4.5
	 Damped-oscillator fit coefficients: 
1.000e+00  2.804e+00  2.693e-01  -2.541e-01  -5.158e-03 
	 Covariance matrix: 
1.897e+00  -7.055e+00  -1.382e+03  1.382e+03  -1.798e-02 
-7.055e+00  2.917e+01  5.139e+03  -5.139e+03  8.290e-02 
-1.382e+03  5.139e+03  1.007e+06  -1.007e+06  1.309e+01 
1.382e+03  -5.139e+03  -1.007e+06  1.007e+06  -1.309e+01 
-1.798e-02  8.290e-02  1.309e+01  -1.309e+01  5.667e-04 

f225w filter: 
log(z) = 0.5, log(g) = 5.0
	 Damped-oscillator fit coefficients: 
1.000e+00  2.745e+00  2.671e-01  -2.523e-01  -4.727e-03 
	 Covariance matrix: 
2.045e+00  -7.431e+00  -1.415e+03  1.415e+03  -1.844e-02 
-7.431e+00  3.008e+01  5.140e+03  -5.140e+03  8.325e-02 
-1.415e+03  5.140e+03  9.790e+05  -9.790e+05  1.275e+01 
1.415e+03  -5.140e+03  -9.790e+05  9.791e+05  -1.275e+01 
-1.844e-02  8.325e-02  1.275e+01  -1.275e+01  5.541e-04 

f275w filter: 
log(z) = 0.5, log(g) = 0.0
	 Damped-oscillator fit coefficients: 
1.183e+00  1.588e+00  3.000e-01  -8.506e-02  3.000e-01 
	 Covariance matrix: 
2.146e+09  -4.921e+09  1.912e+09  1.698e+08  -2.218e+09 
-4.921e+09  1.129e+10  -4.385e+09  -3.894e+08  5.086e+09 
1.912e+09  -4.385e+09  1.704e+09  1.513e+08  -1.976e+09 
1.698e+08  -3.894e+08  1.513e+08  1.343e+07  -1.754e+08 
-2.218e+09  5.086e+09  -1.976e+09  -1.754e+08  2.292e+09 

f275w filter: 
log(z) = 0.5, log(g) = 0.5
	 Damped-oscillator fit coefficients: 
1.003e+00  3.261e+00  3.000e-01  -1.810e-01  -3.000e-01 
	 Covariance matrix: 
7.279e+03  -4.377e+04  -2.351e+05  2.420e+05  -1.050e+04 
-4.377e+04  2.635e+05  1.413e+06  -1.455e+06  6.329e+04 
-2.351e+05  1.413e+06  7.591e+06  -7.817e+06  3.391e+05 
2.420e+05  -1.455e+06  -7.817e+06  8.049e+06  -3.492e+05 
-1.050e+04  6.329e+04  3.391e+05  -3.492e+05  1.521e+04 

f275w filter: 
log(z) = 0.5, log(g) = 1.0
	 Damped-oscillator fit coefficients: 
1.001e+00  3.752e+00  3.000e-01  -2.254e-01  -3.000e-01 
	 Covariance matrix: 
6.326e+02  -3.984e+03  -1.035e+05  1.039e+05  -6.795e+02 
-3.984e+03  2.516e+04  6.520e+05  -6.546e+05  4.300e+03 
-1.035e+05  6.520e+05  1.695e+07  -1.701e+07  1.112e+05 
1.039e+05  -6.546e+05  -1.701e+07  1.708e+07  -1.116e+05 
-6.795e+02  4.300e+03  1.112e+05  -1.116e+05  7.361e+02 

f275w filter: 
log(z) = 0.5, log(g) = 1.5
	 Damped-oscillator fit coefficients: 
1.000e+00  4.558e+00  1.688e-01  -1.442e-01  -1.597e-01 
	 Covariance matrix: 
1.161e+02  -9.109e+02  -5.088e+04  5.091e+04  -6.231e+01 
-9.109e+02  7.187e+03  3.990e+05  -3.993e+05  4.938e+02 
-5.088e+04  3.990e+05  2.229e+07  -2.230e+07  2.730e+04 
5.091e+04  -3.993e+05  -2.230e+07  2.231e+07  -2.731e+04 
-6.231e+01  4.938e+02  2.730e+04  -2.731e+04  3.406e+01 

f275w filter: 
log(z) = 0.5, log(g) = 2.0
	 Damped-oscillator fit coefficients: 
1.000e+00  6.578e+00  2.115e-02  -1.962e-02  -3.851e-02 
	 Covariance matrix: 
3.939e+00  -4.961e+01  -1.552e+03  1.552e+03  -2.431e-01 
-4.961e+01  6.469e+02  1.954e+04  -1.954e+04  3.318e+00 
-1.552e+03  1.954e+04  6.111e+05  -6.111e+05  9.574e+01 
1.552e+03  -1.954e+04  -6.111e+05  6.112e+05  -9.575e+01 
-2.431e-01  3.318e+00  9.574e+01  -9.575e+01  1.916e-02 

f275w filter: 
log(z) = 0.5, log(g) = 2.5
	 Damped-oscillator fit coefficients: 
1.000e+00  7.614e+00  5.755e-03  -5.440e-03  -2.315e-02 
	 Covariance matrix: 
3.743e+00  -7.000e+01  -7.743e+02  7.743e+02  -5.562e-02 
-7.000e+01  1.354e+03  1.448e+04  -1.448e+04  1.171e+00 
-7.743e+02  1.448e+04  1.602e+05  -1.602e+05  1.151e+01 
7.743e+02  -1.448e+04  -1.602e+05  1.602e+05  -1.151e+01 
-5.562e-02  1.171e+00  1.151e+01  -1.151e+01  1.697e-03 

f275w filter: 
log(z) = 0.5, log(g) = 3.0
	 Damped-oscillator fit coefficients: 
3.000e+00  1.930e+00  -3.470e-02  -2.888e-06  2.325e-02 
	 Covariance matrix: 
3.152e+03  -2.195e+03  -7.637e+01  -8.231e-04  7.512e+01 
-2.195e+03  1.529e+03  5.316e+01  5.866e-04  -5.229e+01 
-7.637e+01  5.316e+01  1.860e+00  1.932e-05  -1.830e+00 
-8.231e-04  5.866e-04  1.932e-05  4.480e-10  -1.904e-05 
7.512e+01  -5.229e+01  -1.830e+00  -1.904e-05  1.801e+00 

f275w filter: 
log(z) = 0.5, log(g) = 3.5
	 Damped-oscillator fit coefficients: 
3.000e+00  1.819e+00  -5.234e-02  -4.880e-06  4.391e-02 
	 Covariance matrix: 
6.926e+02  -4.647e+02  -2.404e+01  -5.980e-04  2.353e+01 
-4.647e+02  3.127e+02  1.611e+01  4.265e-04  -1.577e+01 
-2.404e+01  1.611e+01  8.395e-01  2.022e-05  -8.218e-01 
-5.980e-04  4.265e-04  2.022e-05  1.261e-09  -1.994e-05 
2.353e+01  -1.577e+01  -8.218e-01  -1.994e-05  8.048e-01 

f275w filter: 
log(z) = 0.5, log(g) = 4.0
	 Damped-oscillator fit coefficients: 
3.000e+00  1.609e+00  -6.116e-02  -1.533e-05  5.421e-02 
	 Covariance matrix: 
2.554e+02  -1.547e+02  -9.592e+00  -9.312e-04  9.390e+00 
-1.547e+02  9.455e+01  5.805e+00  6.399e-04  -5.690e+00 
-9.592e+00  5.805e+00  3.637e-01  3.434e-05  -3.559e-01 
-9.312e-04  6.399e-04  3.434e-05  1.041e-08  -3.431e-05 
9.390e+00  -5.690e+00  -3.559e-01  -3.431e-05  3.485e-01 

f275w filter: 
log(z) = 0.5, log(g) = 4.5
	 Damped-oscillator fit coefficients: 
2.441e+00  1.711e+00  -4.475e-02  -5.673e-05  3.957e-02 
	 Covariance matrix: 
4.106e+01  -3.555e+01  -1.213e+00  -1.188e-03  1.164e+00 
-3.555e+01  3.205e+01  1.045e+00  1.374e-03  -1.014e+00 
-1.213e+00  1.045e+00  3.720e-02  3.334e-05  -3.550e-02 
-1.188e-03  1.374e-03  3.334e-05  1.295e-07  -3.514e-05 
1.164e+00  -1.014e+00  -3.550e-02  -3.514e-05  3.415e-02 

f275w filter: 
log(z) = 0.5, log(g) = 5.0
	 Damped-oscillator fit coefficients: 
2.203e+00  1.556e+00  -4.130e-02  -2.337e-04  3.794e-02 
	 Covariance matrix: 
3.781e+01  -3.462e+01  -1.109e+00  -5.165e-03  1.085e+00 
-3.462e+01  3.316e+01  1.005e+00  6.216e-03  -9.991e-01 
-1.109e+00  1.005e+00  3.397e-02  1.388e-04  -3.289e-02 
-5.165e-03  6.216e-03  1.388e-04  2.220e-06  -1.527e-04 
1.085e+00  -9.991e-01  -3.289e-02  -1.527e-04  3.223e-02 

f300x filter: 
log(z) = 0.5, log(g) = 0.0
	 Damped-oscillator fit coefficients: 
2.920e+00  7.037e+00  5.112e-02  -3.071e-19  -1.949e-01 
	 Covariance matrix: 
8.716e-74  0.000e+00  -6.201e-74  -1.836e-56  -1.716e-74 
0.000e+00  0.000e+00  -0.000e+00  -0.000e+00  -0.000e+00 
-6.201e-74  -0.000e+00  4.411e-74  1.306e-56  1.221e-74 
-1.836e-56  -0.000e+00  1.306e-56  3.868e-39  3.614e-57 
-1.716e-74  -0.000e+00  1.221e-74  3.614e-57  3.377e-75 

f300x filter: 
log(z) = 0.5, log(g) = 0.5
	 Damped-oscillator fit coefficients: 
2.775e+00  6.924e+00  9.323e-03  -4.422e-18  -5.243e-02 
	 Covariance matrix: 
5.073e-69  0.000e+00  -4.705e-69  -7.615e-53  -1.240e-69 
0.000e+00  0.000e+00  -0.000e+00  -0.000e+00  -0.000e+00 
-4.705e-69  -0.000e+00  4.364e-69  7.063e-53  1.150e-69 
-7.615e-53  -0.000e+00  7.063e-53  1.143e-36  1.862e-53 
-1.240e-69  -0.000e+00  1.150e-69  1.862e-53  3.033e-70 

f300x filter: 
log(z) = 0.5, log(g) = 1.0
	 Damped-oscillator fit coefficients: 
2.787e+00  6.889e+00  -7.650e-03  -3.493e-18  2.422e-03 
	 Covariance matrix: 
3.168e-69  0.000e+00  -3.681e-69  -6.105e-53  -9.770e-70 
0.000e+00  0.000e+00  -0.000e+00  -0.000e+00  -0.000e+00 
-3.681e-69  -0.000e+00  4.278e-69  7.095e-53  1.135e-69 
-6.105e-53  -0.000e+00  7.095e-53  1.177e-36  1.883e-53 
-9.770e-70  -0.000e+00  1.135e-69  1.883e-53  3.013e-70 

f300x filter: 
log(z) = 0.5, log(g) = 1.5
	 Damped-oscillator fit coefficients: 
2.962e+00  6.762e+00  -1.563e-02  -4.155e-19  2.285e-02 
	 Covariance matrix: 
1.065e-72  0.000e+00  -1.463e-72  -1.773e-55  -4.286e-73 
0.000e+00  0.000e+00  -0.000e+00  -0.000e+00  -0.000e+00 
-1.463e-72  -0.000e+00  2.009e-72  2.436e-55  5.887e-73 
-1.773e-55  -0.000e+00  2.436e-55  2.953e-38  7.137e-56 
-4.286e-73  -0.000e+00  5.887e-73  7.137e-56  1.725e-73 

f300x filter: 
log(z) = 0.5, log(g) = 2.0
	 Damped-oscillator fit coefficients: 
2.798e+00  6.749e+00  -4.260e-03  -3.947e-18  -4.674e-03 
	 Covariance matrix: 
1.353e-68  0.000e+00  -2.580e-68  -2.356e-52  -7.060e-69 
0.000e+00  0.000e+00  -0.000e+00  -0.000e+00  -0.000e+00 
-2.580e-68  -0.000e+00  4.920e-68  4.493e-52  1.346e-68 
-2.356e-52  -0.000e+00  4.493e-52  4.103e-36  1.229e-52 
-7.060e-69  -0.000e+00  1.346e-68  1.229e-52  3.684e-69 

f300x filter: 
log(z) = 0.5, log(g) = 2.5
	 Damped-oscillator fit coefficients: 
2.724e+00  6.823e+00  -2.126e-03  -6.126e-18  -8.632e-03 
	 Covariance matrix: 
1.303e-67  0.000e+00  -3.317e-67  -1.441e-51  -8.632e-68 
0.000e+00  0.000e+00  -0.000e+00  -0.000e+00  -0.000e+00 
-3.317e-67  -0.000e+00  8.449e-67  3.670e-51  2.198e-67 
-1.441e-51  -0.000e+00  3.670e-51  1.594e-35  9.549e-52 
-8.632e-68  -0.000e+00  2.198e-67  9.549e-52  5.720e-68 

f300x filter: 
log(z) = 0.5, log(g) = 3.0
	 Damped-oscillator fit coefficients: 
3.000e+00  6.664e+00  -3.764e-03  -2.229e-19  -4.661e-03 
	 Covariance matrix: 
3.274e-73  0.000e+00  -8.710e-73  -1.027e-55  -2.650e-73 
0.000e+00  0.000e+00  -0.000e+00  -0.000e+00  -0.000e+00 
-8.710e-73  -0.000e+00  2.318e-72  2.732e-55  7.051e-73 
-1.027e-55  -0.000e+00  2.732e-55  3.221e-38  8.313e-56 
-2.650e-73  -0.000e+00  7.051e-73  8.313e-56  2.146e-73 

f300x filter: 
log(z) = 0.5, log(g) = 3.5
	 Damped-oscillator fit coefficients: 
2.824e+00  6.569e+00  -3.876e-03  -3.964e-18  -2.866e-03 
	 Covariance matrix: 
4.667e-68  0.000e+00  -1.655e-67  -8.340e-52  -4.740e-68 
0.000e+00  0.000e+00  -0.000e+00  -0.000e+00  -0.000e+00 
-1.655e-67  -0.000e+00  5.866e-67  2.957e-51  1.680e-67 
-8.340e-52  -0.000e+00  2.957e-51  1.490e-35  8.470e-52 
-4.740e-68  -0.000e+00  1.680e-67  8.470e-52  4.814e-68 

f300x filter: 
log(z) = 0.5, log(g) = 4.0
	 Damped-oscillator fit coefficients: 
2.921e+00  6.330e+00  -5.195e-03  -3.395e-18  -6.562e-05 
	 Covariance matrix: 
3.465e-68  0.000e+00  -1.421e-67  -7.540e-52  -4.443e-68 
0.000e+00  0.000e+00  -0.000e+00  -0.000e+00  -0.000e+00 
-1.421e-67  -0.000e+00  5.829e-67  3.093e-51  1.822e-67 
-7.540e-52  -0.000e+00  3.093e-51  1.641e-35  9.669e-52 
-4.443e-68  -0.000e+00  1.822e-67  9.669e-52  5.697e-68 

f300x filter: 
log(z) = 0.5, log(g) = 4.5
	 Damped-oscillator fit coefficients: 
2.999e+00  5.899e+00  -6.682e-03  -1.297e-17  2.326e-03 
	 Covariance matrix: 
9.782e-66  1.335e-65  -4.834e-65  -6.013e-50  -1.692e-65 
1.335e-65  1.823e-65  -6.599e-65  -8.209e-50  -2.309e-65 
-4.834e-65  -6.599e-65  2.389e-64  2.972e-49  8.360e-65 
-6.013e-50  -8.209e-50  2.972e-49  3.697e-34  1.040e-49 
-1.692e-65  -2.309e-65  8.360e-65  1.040e-49  2.925e-65 

f300x filter: 
log(z) = 0.5, log(g) = 5.0
	 Damped-oscillator fit coefficients: 
3.000e+00  5.526e+00  -7.373e-03  -9.454e-17  3.123e-03 
	 Covariance matrix: 
1.061e-10  -3.465e-11  6.477e-08  -5.967e-22  4.650e-08 
-3.465e-11  1.132e-11  -2.116e-08  1.949e-22  -1.519e-08 
6.477e-08  -2.116e-08  3.955e-05  -3.644e-19  2.840e-05 
-5.967e-22  1.949e-22  -3.644e-19  3.731e-32  -2.616e-19 
4.650e-08  -1.519e-08  2.840e-05  -2.616e-19  2.039e-05 

