Gaia filters: (a*(Teff^b) + c) fit parameters
log(g) = 0.0, Z = Zsol/100, G filter 			[-8.62061149 -0.08459146  5.        ]
log(g) = 0.0, Z = Zsol/100, Gbp filter 			[-7.03531614 -0.06723414  5.        ]
log(g) = 0.0, Z = Zsol/100, Grp filter 			[-99.99999992  -0.83162156   0.71696472]
