Fitting results for Grp filter, with log(g) = 5.0
    Fit coefficients (in order of functions arguments):
[  1.42086012e+00   1.92045673e-19  -1.00000000e+00   1.09658124e-01]
    Covariance matrix:
[[  1.02911233e+06   1.82772772e+03  -1.03589456e+06  -7.59975727e+04]
 [  1.82772772e+03   3.24836673e+00  -1.83976741e+03  -1.34982562e+02]
 [ -1.03589456e+06  -1.83976741e+03   1.04272150e+06   7.64984019e+04]
 [ -7.59975727e+04  -1.34982562e+02   7.64984019e+04   5.61228178e+03]]

Fitting results for Grp filter, with log(g) = 5.0
    Fit coefficients (in order of functions arguments):
[  2.51987386e-01   9.47548437e-21  -8.24763806e-01   1.47511085e-01]
    Covariance matrix:
[[ 0.00161078  0.01712633  0.00161078 -0.01206104]
 [ 0.01712633  0.18792933  0.01712633 -0.13172685]
 [ 0.00161078  0.01712633  0.00161078 -0.01206104]
 [-0.01206104 -0.13172685 -0.01206104  0.0923966 ]]

Fitting results for Grp filter, with log(g) = 5.0
    Fit coefficients (in order of functions arguments):
[ -1.00000000e+04  -1.44798850e+00   6.77317155e-01]
    Covariance matrix:
[[  1.86439982e-04   1.86939450e-07   2.59407190e-06]
 [  1.86939450e-07   2.10545190e-10   4.18384812e-09]
 [  2.59407190e-06   4.18384812e-09   2.81612107e-07]]

Fitting results for Grp filter, with log(g) = 5.0
    Fit coefficients (in order of functions arguments):
[ -2.02560588e-01  -3.17441614e-04   6.72503318e-01]
    Covariance matrix:
[[  1.86439982e-04   1.86939450e-07   2.59407190e-06]
 [  1.86939450e-07   2.10545190e-10   4.18384812e-09]
 [  2.59407190e-06   4.18384812e-09   2.81612107e-07]]

Fitting results for Grp filter, with log(g) = 5.0
    Fit coefficients (in order of functions arguments):
[ -1.00000000e+01  -2.12718927e-04   6.73106306e-01  -5.19544663e-01]
    Covariance matrix:
[[  5.67965706e+02  -1.30052775e-03  -4.64925783e-03   7.45440154e+00]
 [ -1.30052775e-03   3.14238445e-09   1.42663653e-08  -1.71551025e-05]
 [ -4.64925783e-03   1.42663653e-08   2.75002742e-07  -6.23773684e-05]
 [  7.45440154e+00  -1.71551025e-05  -6.23773684e-05   9.78873492e-02]]

Fitting results for Grp filter, with log(g) = 5.0
    Fit coefficients (in order of functions arguments):
[-0.5081496  -0.00062821 -0.41679085  0.00831973]
    Covariance matrix:
[[  5.67965706e+02  -1.30052775e-03  -4.64925783e-03   7.45440154e+00]
 [ -1.30052775e-03   3.14238445e-09   1.42663653e-08  -1.71551025e-05]
 [ -4.64925783e-03   1.42663653e-08   2.75002742e-07  -6.23773684e-05]
 [  7.45440154e+00  -1.71551025e-05  -6.23773684e-05   9.78873492e-02]]

Fitting results for Grp filter, with log(g) = 5.0
    Fit coefficients (in order of functions arguments):
[ 0.1         0.03937439  0.38435911]
    Covariance matrix:
[[  5.32340149e-05   1.62061640e+02  -1.78752038e+02]
 [  1.62061640e+02   3.71881242e+11  -4.10180197e+11]
 [ -1.78752038e+02  -4.10180197e+11   4.52423449e+11]]

Fitting results for Grp filter, with log(g) = 5.0
    Fit coefficients (in order of functions arguments):
[  4.32259716e-02   4.29987441e+00   4.53545879e-01   1.50055299e-29]
    Covariance matrix:
[[  8.51317007e-03   8.69610200e+03  -3.79880723e+01  -9.52078784e-03]
 [  8.69610200e+03   1.40585721e+12  -6.13784726e+09  -9.67075993e+03]
 [ -3.79880723e+01  -6.13784726e+09   2.67972941e+07   4.22458843e+01]
 [ -9.52078784e-03  -9.67075993e+03   4.22458843e+01   1.06591064e-02]]

Fitting results for Grp filter, with log(g) = 5.0
    Fit coefficients (in order of functions arguments):
[  4.32155310e-02   4.71456824e-02  -4.61744478e-01   4.53447236e-06]
    Covariance matrix:
[[  9.81938242e+05   2.48969243e+07  -8.60881600e+06  -4.26413221e+05]
 [  2.48969243e+07   2.83317649e+10  -1.12455924e+10  -1.08117167e+07]
 [ -8.60881600e+06  -1.12455924e+10   4.46534842e+09   3.73846014e+06]
 [ -4.26413221e+05  -1.08117167e+07   3.73846014e+06   1.85172781e+05]]

