Fitting results for Gbp filter, with log(g) = 5.0
    Fit coefficients (in order of functions arguments):
[  1.27009684e+00   1.23622477e-16  -1.00000000e+00   3.67731289e-01]
    Covariance matrix:
[[  2.13319285e+04   3.50567148e+02  -2.27588917e+04  -5.36327273e+03]
 [  3.50567148e+02   5.76701238e+00  -3.74003409e+02  -8.81613108e+01]
 [ -2.27588917e+04  -3.74003409e+02   2.42813449e+04   5.72198606e+03]
 [ -5.36327273e+03  -8.81613108e+01   5.72198606e+03   1.34851503e+03]]

Fitting results for Gbp filter, with log(g) = 5.0
    Fit coefficients (in order of functions arguments):
[  1.69077053e-01   7.29303823e-13  -8.65908591e-01   4.28517301e-01]
    Covariance matrix:
[[  0.01839769  -0.44757148   0.01839769   0.1059958 ]
 [ -0.44757148  10.96521419  -0.44757148  -2.59920924]
 [  0.01839769  -0.44757148   0.01839769   0.1059958 ]
 [  0.1059958   -2.59920924   0.1059958    0.61619385]]

Fitting results for Gbp filter, with log(g) = 5.0
    Fit coefficients (in order of functions arguments):
[-195.58060462   -0.79791706    1.25625806]
    Covariance matrix:
[[  1.04182120e-04   4.24772379e-08   4.06803610e-06]
 [  4.24772379e-08   2.34748372e-11   4.73068604e-09]
 [  4.06803610e-06   4.73068604e-09   2.47853775e-06]]

Fitting results for Gbp filter, with log(g) = 5.0
    Fit coefficients (in order of functions arguments):
[ -3.87953797e-01  -1.57184791e-04   1.21039290e+00]
    Covariance matrix:
[[  1.04182120e-04   4.24772379e-08   4.06803610e-06]
 [  4.24772379e-08   2.34748372e-11   4.73068604e-09]
 [  4.06803610e-06   4.73068604e-09   2.47853775e-06]]

Fitting results for Gbp filter, with log(g) = 5.0
    Fit coefficients (in order of functions arguments):
[ -1.80705945e-04  -9.99995211e-04   1.00000000e+00  -9.99971685e-01]
    Covariance matrix:
[[  1.72496775e+10   2.61607724e+10   7.79573901e+02  -3.31632918e+11]
 [  2.61607724e+10   4.17469930e+10   1.25123434e+03  -1.06298466e+12]
 [  7.79573901e+02   1.25123434e+03   4.39714011e-04   5.96300542e+03]
 [ -3.31632918e+11  -1.06298466e+12   5.96300542e+03   1.94475241e+14]]

Fitting results for Gbp filter, with log(g) = 5.0
    Fit coefficients (in order of functions arguments):
[ -3.76603625e-01  -2.83921936e-04  -1.83367567e-01   3.16029457e-02]
    Covariance matrix:
[[  1.72496775e+10   2.61607724e+10   7.79573901e+02  -3.31632918e+11]
 [  2.61607724e+10   4.17469930e+10   1.25123434e+03  -1.06298466e+12]
 [  7.79573901e+02   1.25123434e+03   4.39714011e-04   5.96300542e+03]
 [ -3.31632918e+11  -1.06298466e+12   5.96300542e+03   1.94475241e+14]]

Fitting results for Gbp filter, with log(g) = 5.0
    Fit coefficients (in order of functions arguments):
[ 0.18926321  0.05973716  0.58799138]
    Covariance matrix:
[[  4.25971418e-05  -3.45380644e+01   4.75228792e+01]
 [ -3.45380644e+01   9.44680500e+10  -1.29984285e+11]
 [  4.75228792e+01  -1.29984285e+11   1.78853214e+11]]

Fitting results for Gbp filter, with log(g) = 5.0
    Fit coefficients (in order of functions arguments):
[  1.89263214e-01   4.15078040e+00   2.39390267e-01   1.78105531e-30]
    Covariance matrix:
[[  4.04845402e-02   2.75504380e+04  -5.45671780e+02  -1.03477740e-02]
 [  2.75504380e+04   1.19882201e+12  -2.37397879e+10  -6.57349437e+03]
 [ -5.45671780e+02  -2.37397879e+10   4.70109429e+08   1.30198221e+02]
 [ -1.03477740e-02  -6.57349437e+03   1.30198221e+02   2.64788761e-03]]

Fitting results for Gbp filter, with log(g) = 5.0
    Fit coefficients (in order of functions arguments):
[  1.89246827e-01   5.56660864e-02  -4.06227524e-01   7.11601120e-06]
    Covariance matrix:
[[  1.84075228e+06   1.80680534e+06  -3.59143632e+05  -7.99319202e+05]
 [  1.80680534e+06   1.24681952e+11  -1.84085855e+11  -7.84523833e+05]
 [ -3.59143632e+05  -1.84085855e+11   2.71795256e+11   1.55872414e+05]
 [ -7.99319202e+05  -7.84523833e+05   1.55872414e+05   3.47092433e+05]]

