f218w filter: 
log(z) = 0.0, log(g) = 0.0
	 Damped-oscillator fit coefficients: 
9.943e-01  6.864e+00  -7.836e-06  1.031e+00  4.994e-01 
	 Covariance matrix: 
4.328e+07  -2.987e+08  9.047e-01  3.960e+09  -1.973e+04 
-2.987e+08  2.062e+09  -6.236e+00  -2.733e+10  1.360e+05 
9.047e-01  -6.236e+00  1.683e-07  8.278e+01  -3.595e-03 
3.960e+09  -2.733e+10  8.278e+01  3.624e+11  -1.805e+06 
-1.973e+04  1.360e+05  -3.595e-03  -1.805e+06  7.724e+01 

f218w filter: 
log(z) = 0.0, log(g) = 0.5
	 Damped-oscillator fit coefficients: 
9.945e-01  7.012e+00  -4.791e-06  1.021e+00  4.994e-01 
	 Covariance matrix: 
3.051e+07  -2.151e+08  -7.793e-02  2.865e+09  1.748e+03 
-2.151e+08  1.516e+09  5.497e-01  -2.020e+10  -1.233e+04 
-7.793e-02  5.497e-01  2.266e-09  -7.319e+00  -4.214e-05 
2.865e+09  -2.020e+10  -7.319e+00  2.690e+11  1.641e+05 
1.748e+03  -1.233e+04  -4.214e-05  1.641e+05  8.079e-01 

f218w filter: 
log(z) = 0.0, log(g) = 1.0
	 Damped-oscillator fit coefficients: 
1.000e+00  1.000e+01  -9.425e-09  9.921e+00  1.731e-01 
	 Covariance matrix: 
3.764e-10  6.592e-05  1.236e-12  1.949e-09  -3.007e-06 
6.592e-05  1.154e+01  2.164e-07  3.413e-04  -5.268e-01 
1.236e-12  2.164e-07  4.061e-15  6.398e-12  -9.976e-09 
1.949e-09  3.413e-04  6.398e-12  1.009e-08  -1.557e-05 
-3.007e-06  -5.268e-01  -9.976e-09  -1.557e-05  2.800e-02 

f218w filter: 
log(z) = 0.0, log(g) = 1.5
	 Damped-oscillator fit coefficients: 
9.997e-01  1.000e+01  1.978e-09  1.000e+01  8.254e-02 
	 Covariance matrix: 
4.348e-08  8.584e-04  -3.326e-12  4.215e-07  -1.683e-05 
8.584e-04  1.695e+01  -6.567e-08  8.323e-03  -3.322e-01 
-3.326e-12  -6.567e-08  2.547e-16  -3.224e-11  1.306e-09 
4.215e-07  8.323e-03  -3.224e-11  4.086e-06  -1.631e-04 
-1.683e-05  -3.322e-01  1.306e-09  -1.631e-04  8.598e-03 

f218w filter: 
log(z) = 0.0, log(g) = 2.0
	 Damped-oscillator fit coefficients: 
8.754e-01  1.956e+00  1.601e-02  7.999e-01  -1.787e-01 
	 Covariance matrix: 
9.401e+11  -2.100e+12  -1.906e+03  3.676e+12  1.003e+04 
-2.100e+12  4.692e+12  4.256e+03  -8.213e+12  -2.240e+04 
-1.906e+03  4.256e+03  3.500e-02  -7.452e+03  -2.004e-01 
3.676e+12  -8.213e+12  -7.452e+03  1.438e+13  3.921e+04 
1.003e+04  -2.240e+04  -2.004e-01  3.921e+04  1.162e+00 

f218w filter: 
log(z) = 0.0, log(g) = 2.5
	 Damped-oscillator fit coefficients: 
9.776e-01  3.839e+00  1.393e-04  1.040e+00  -2.550e-02 
	 Covariance matrix: 
1.117e+11  -4.388e+11  -2.290e+02  2.684e+12  3.783e+03 
-4.388e+11  1.723e+12  8.994e+02  -1.054e+13  -1.485e+04 
-2.290e+02  8.994e+02  2.507e-06  -5.500e+03  -8.755e-05 
2.684e+12  -1.054e+13  -5.500e+03  6.445e+13  9.085e+04 
3.783e+03  -1.485e+04  -8.755e-05  9.085e+04  4.212e-03 

f218w filter: 
log(z) = 0.0, log(g) = 3.0
	 Damped-oscillator fit coefficients: 
9.905e-01  4.887e+00  1.724e-05  1.217e+00  -1.639e-02 
	 Covariance matrix: 
2.399e+10  -1.184e+11  -1.723e+01  1.563e+12  3.955e+02 
-1.184e+11  5.839e+11  8.502e+01  -7.709e+12  -1.951e+03 
-1.723e+01  8.502e+01  4.382e-08  -1.122e+03  -3.875e-06 
1.563e+12  -7.709e+12  -1.122e+03  1.018e+14  2.576e+04 
3.955e+02  -1.951e+03  -3.875e-06  2.576e+04  8.882e-04 

f218w filter: 
log(z) = 0.0, log(g) = 3.5
	 Damped-oscillator fit coefficients: 
9.938e-01  5.415e+00  6.625e-06  1.330e+00  -1.324e-02 
	 Covariance matrix: 
2.303e+10  -1.255e+11  -1.435e+01  2.506e+12  3.288e+02 
-1.255e+11  6.836e+11  7.818e+01  -1.366e+13  -1.791e+03 
-1.435e+01  7.818e+01  1.368e-08  -1.562e+03  -1.189e-06 
2.506e+12  -1.366e+13  -1.562e+03  2.728e+14  3.578e+04 
3.288e+02  -1.791e+03  -1.189e-06  3.578e+04  5.672e-04 

f218w filter: 
log(z) = 0.0, log(g) = 4.0
	 Damped-oscillator fit coefficients: 
9.946e-01  5.705e+00  3.745e-06  1.338e+00  -1.001e-02 
	 Covariance matrix: 
1.171e+10  -6.714e+10  -6.561e+00  1.469e+12  2.735e+02 
-6.714e+10  3.851e+11  3.763e+01  -8.428e+12  -1.568e+03 
-6.561e+00  3.763e+01  5.300e-09  -8.236e+02  -5.662e-07 
1.469e+12  -8.428e+12  -8.236e+02  1.844e+14  3.433e+04 
2.735e+02  -1.568e+03  -5.662e-07  3.433e+04  3.829e-04 

f218w filter: 
log(z) = 0.0, log(g) = 4.5
	 Damped-oscillator fit coefficients: 
9.949e-01  5.814e+00  2.810e-06  1.339e+00  -7.413e-03 
	 Covariance matrix: 
1.240e+10  -7.244e+10  -6.202e+00  1.641e+12  2.703e+02 
-7.244e+10  4.233e+11  3.624e+01  -9.589e+12  -1.579e+03 
-6.202e+00  3.624e+01  4.150e-09  -8.210e+02  -3.844e-07 
1.641e+12  -9.589e+12  -8.210e+02  2.172e+14  3.578e+04 
2.703e+02  -1.579e+03  -3.844e-07  3.578e+04  2.772e-04 

f218w filter: 
log(z) = 0.0, log(g) = 5.0
	 Damped-oscillator fit coefficients: 
2.034e+00  1.317e-01  9.239e-04  5.364e+00  -7.843e-03 
	 Covariance matrix: 
7.527e+15  -4.875e+14  -1.738e+06  -6.327e+15  3.396e+06 
-4.875e+14  3.158e+13  1.126e+05  4.098e+14  -2.200e+05 
-1.738e+06  1.126e+05  9.152e-04  1.461e+06  -2.141e-03 
-6.327e+15  4.098e+14  1.461e+06  5.318e+15  -2.854e+06 
3.396e+06  -2.200e+05  -2.141e-03  -2.854e+06  5.431e-03 

f225w filter: 
log(z) = 0.0, log(g) = 0.0
	 Damped-oscillator fit coefficients: 
1.599e+00  2.271e+00  -8.793e-09  1.819e+00  6.641e-02 
	 Covariance matrix: 
1.480e+00  7.569e-01  2.906e-07  5.545e-01  -5.718e-01 
7.569e-01  3.871e-01  1.486e-07  2.836e-01  -2.925e-01 
2.906e-07  1.486e-07  5.705e-14  1.089e-07  -1.125e-07 
5.545e-01  2.836e-01  1.089e-07  2.078e-01  -2.143e-01 
-5.718e-01  -2.925e-01  -1.125e-07  -2.143e-01  2.301e-01 

f225w filter: 
log(z) = 0.0, log(g) = 0.5
	 Damped-oscillator fit coefficients: 
1.790e+00  2.713e+00  -2.498e-13  2.210e+00  -2.396e-02 
	 Covariance matrix: 
2.811e-01  1.434e-01  2.038e-12  1.139e-01  -2.630e-02 
1.434e-01  7.318e-02  1.040e-12  5.812e-02  -1.342e-02 
2.038e-12  1.040e-12  1.478e-23  8.259e-13  -1.920e-13 
1.139e-01  5.812e-02  8.259e-13  4.616e-02  -1.066e-02 
-2.630e-02  -1.342e-02  -1.920e-13  -1.066e-02  3.839e-03 

f225w filter: 
log(z) = 0.0, log(g) = 1.0
	 Damped-oscillator fit coefficients: 
1.855e+00  3.006e+00  -1.462e-16  2.498e+00  -2.735e-02 
	 Covariance matrix: 
1.119e-62  5.614e-63  -3.160e-48  4.407e-63  -2.016e-63 
5.614e-63  2.816e-63  -1.585e-48  2.211e-63  -1.011e-63 
-3.160e-48  -1.585e-48  8.923e-34  -1.244e-48  5.691e-49 
4.407e-63  2.211e-63  -1.244e-48  1.735e-63  -7.937e-64 
-2.016e-63  -1.011e-63  5.691e-49  -7.937e-64  3.630e-64 

f225w filter: 
log(z) = 0.0, log(g) = 1.5
	 Damped-oscillator fit coefficients: 
1.000e+00  1.000e+01  1.831e-09  9.957e+00  -4.673e-02 
	 Covariance matrix: 
6.248e-09  9.854e-04  -3.769e-12  3.578e-08  7.113e-06 
9.854e-04  1.557e+02  -5.962e-07  5.654e-03  1.145e+00 
-3.769e-12  -5.962e-07  2.286e-15  -2.165e-11  -4.446e-09 
3.578e-08  5.654e-03  -2.165e-11  2.053e-07  4.158e-05 
7.113e-06  1.145e+00  -4.446e-09  4.158e-05  1.067e-02 

f225w filter: 
log(z) = 0.0, log(g) = 2.0
	 Damped-oscillator fit coefficients: 
1.000e+00  1.000e+01  1.570e-09  9.983e+00  -3.605e-02 
	 Covariance matrix: 
3.217e-09  4.974e-04  -1.569e-12  1.775e-08  1.326e-06 
4.974e-04  7.700e+01  -2.432e-07  2.749e-03  2.115e-01 
-1.569e-12  -2.432e-07  7.699e-16  -8.682e-12  -6.873e-10 
1.775e-08  2.749e-03  -8.682e-12  9.811e-08  7.549e-06 
1.326e-06  2.115e-01  -6.873e-10  7.549e-06  1.241e-03 

f225w filter: 
log(z) = 0.0, log(g) = 2.5
	 Damped-oscillator fit coefficients: 
2.018e+00  3.094e+00  -3.848e-21  2.886e+00  -1.802e-02 
	 Covariance matrix: 
7.738e-80  0.000e+00  -7.377e-61  3.136e-80  -3.746e-80 
0.000e+00  0.000e+00  -0.000e+00  0.000e+00  -0.000e+00 
-7.377e-61  -0.000e+00  7.034e-42  -2.990e-61  3.572e-61 
3.136e-80  0.000e+00  -2.990e-61  1.271e-80  -1.519e-80 
-3.746e-80  -0.000e+00  3.572e-61  -1.519e-80  1.814e-80 

f225w filter: 
log(z) = 0.0, log(g) = 3.0
	 Damped-oscillator fit coefficients: 
4.001e-01  2.840e-01  -1.468e-01  1.027e+00  3.000e-01 
	 Covariance matrix: 
2.662e+12  -1.890e+12  1.268e+06  8.136e+12  -2.522e+06 
-1.890e+12  1.341e+12  -8.998e+05  -5.775e+12  1.790e+06 
1.268e+06  -8.998e+05  1.272e+02  3.874e+06  -2.546e+02 
8.136e+12  -5.775e+12  3.874e+06  2.486e+13  -7.707e+06 
-2.522e+06  1.790e+06  -2.546e+02  -7.707e+06  5.098e+02 

f225w filter: 
log(z) = 0.0, log(g) = 3.5
	 Damped-oscillator fit coefficients: 
7.848e-01  1.205e+00  -1.130e-02  9.005e-01  2.951e-02 
	 Covariance matrix: 
4.141e+13  -6.359e+13  7.300e+04  1.237e+14  -1.454e+05 
-6.359e+13  9.765e+13  -1.121e+05  -1.900e+14  2.234e+05 
7.300e+04  -1.121e+05  5.079e-03  2.181e+05  -1.006e-02 
1.237e+14  -1.900e+14  2.181e+05  3.696e+14  -4.346e+05 
-1.454e+05  2.234e+05  -1.006e-02  -4.346e+05  2.066e-02 

f225w filter: 
log(z) = 0.0, log(g) = 4.0
	 Damped-oscillator fit coefficients: 
8.363e-01  1.557e+00  -6.565e-03  8.573e-01  2.167e-02 
	 Covariance matrix: 
4.270e+13  -7.947e+13  6.178e+04  1.456e+14  -9.586e+04 
-7.947e+13  1.479e+14  -1.150e+05  -2.711e+14  1.784e+05 
6.178e+04  -1.150e+05  6.141e-04  2.107e+05  -9.662e-04 
1.456e+14  -2.711e+14  2.107e+05  4.968e+14  -3.270e+05 
-9.586e+04  1.784e+05  -9.662e-04  -3.270e+05  1.961e-03 

f225w filter: 
log(z) = 0.0, log(g) = 4.5
	 Damped-oscillator fit coefficients: 
8.508e-01  1.696e+00  -5.526e-03  8.341e-01  2.143e-02 
	 Covariance matrix: 
2.432e+13  -4.848e+13  1.819e+04  8.634e+13  -2.296e+04 
-4.848e+13  9.667e+13  -3.626e+04  -1.722e+14  4.579e+04 
1.819e+04  -3.626e+04  2.437e-04  6.458e+04  -2.807e-04 
8.634e+13  -1.722e+14  6.458e+04  3.066e+14  -8.155e+04 
-2.296e+04  4.579e+04  -2.807e-04  -8.155e+04  6.274e-04 

f225w filter: 
log(z) = 0.0, log(g) = 5.0
	 Damped-oscillator fit coefficients: 
8.668e-01  1.868e+00  -4.480e-03  8.094e-01  2.130e-02 
	 Covariance matrix: 
1.722e+13  -3.711e+13  1.648e+04  6.467e+13  -1.744e+04 
-3.711e+13  7.997e+13  -3.551e+04  -1.394e+14  3.758e+04 
1.648e+04  -3.551e+04  1.800e-04  6.187e+04  -2.090e-04 
6.467e+13  -1.394e+14  6.187e+04  2.428e+14  -6.548e+04 
-1.744e+04  3.758e+04  -2.090e-04  -6.548e+04  5.353e-04 

f275w filter: 
log(z) = 0.0, log(g) = 0.0
	 Damped-oscillator fit coefficients: 
1.943e+00  3.213e+00  -9.850e-20  2.666e+00  5.133e-04 
	 Covariance matrix: 
1.296e-74  0.000e+00  -4.890e-57  5.252e-75  -4.043e-75 
0.000e+00  0.000e+00  -0.000e+00  0.000e+00  -0.000e+00 
-4.890e-57  -0.000e+00  1.846e-39  -1.983e-57  1.526e-57 
5.252e-75  0.000e+00  -1.983e-57  2.129e-75  -1.639e-75 
-4.043e-75  -0.000e+00  1.526e-57  -1.639e-75  1.261e-75 

f275w filter: 
log(z) = 0.0, log(g) = 0.5
	 Damped-oscillator fit coefficients: 
2.001e+00  3.149e+00  -2.815e-20  2.690e+00  -5.633e-03 
	 Covariance matrix: 
1.524e-76  0.000e+00  -2.056e-58  6.438e-77  -6.680e-77 
0.000e+00  0.000e+00  -0.000e+00  0.000e+00  -0.000e+00 
-2.056e-58  -0.000e+00  2.774e-40  -8.684e-59  9.011e-59 
6.438e-77  0.000e+00  -8.684e-59  2.719e-77  -2.821e-77 
-6.680e-77  -0.000e+00  9.011e-59  -2.821e-77  2.928e-77 

f275w filter: 
log(z) = 0.0, log(g) = 1.0
	 Damped-oscillator fit coefficients: 
1.908e+00  3.055e+00  -2.649e-18  2.579e+00  -2.525e-03 
	 Covariance matrix: 
1.786e-68  0.000e+00  -2.694e-52  7.205e-69  -1.120e-68 
0.000e+00  0.000e+00  -0.000e+00  0.000e+00  -0.000e+00 
-2.694e-52  -0.000e+00  4.062e-36  -1.086e-52  1.689e-52 
7.205e-69  0.000e+00  -1.086e-52  2.906e-69  -4.517e-69 
-1.120e-68  -0.000e+00  1.689e-52  -4.517e-69  7.022e-69 

f275w filter: 
log(z) = 0.0, log(g) = 1.5
	 Damped-oscillator fit coefficients: 
1.974e+00  3.124e+00  -4.131e-20  2.700e+00  -1.931e-03 
	 Covariance matrix: 
2.131e-75  0.000e+00  -1.962e-57  8.779e-76  -1.645e-75 
0.000e+00  0.000e+00  -0.000e+00  0.000e+00  -0.000e+00 
-1.962e-57  -0.000e+00  1.807e-39  -8.083e-58  1.515e-57 
8.779e-76  0.000e+00  -8.083e-58  3.616e-76  -6.778e-76 
-1.645e-75  -0.000e+00  1.515e-57  -6.778e-76  1.270e-75 

f275w filter: 
log(z) = 0.0, log(g) = 2.0
	 Damped-oscillator fit coefficients: 
1.944e+00  3.183e+00  -1.678e-19  2.535e+00  -3.533e-03 
	 Covariance matrix: 
1.249e-72  0.000e+00  -2.903e-55  5.261e-73  -1.519e-72 
0.000e+00  0.000e+00  -0.000e+00  0.000e+00  -0.000e+00 
-2.903e-55  -0.000e+00  6.749e-38  -1.223e-55  3.531e-55 
5.261e-73  0.000e+00  -1.223e-55  2.216e-73  -6.399e-73 
-1.519e-72  -0.000e+00  3.531e-55  -6.399e-73  1.847e-72 

f275w filter: 
log(z) = 0.0, log(g) = 2.5
	 Damped-oscillator fit coefficients: 
9.947e-01  6.057e+00  8.901e-07  1.275e+00  -1.058e-02 
	 Covariance matrix: 
2.797e+10  -1.703e+11  -3.292e+00  3.378e+12  4.328e+02 
-1.703e+11  1.037e+12  2.005e+01  -2.057e+13  -2.635e+03 
-3.292e+00  2.005e+01  1.261e-09  -3.976e+02  -8.662e-07 
3.378e+12  -2.057e+13  -3.976e+02  4.079e+14  5.226e+04 
4.328e+02  -2.635e+03  -8.662e-07  5.226e+04  1.327e-03 

f275w filter: 
log(z) = 0.0, log(g) = 3.0
	 Damped-oscillator fit coefficients: 
9.973e-01  7.479e+00  4.934e-08  1.441e+00  -6.902e-03 
	 Covariance matrix: 
3.571e-04  4.278e-01  -4.054e-08  1.198e-02  2.447e-04 
4.278e-01  5.128e+02  -4.865e-05  1.436e+01  3.008e-01 
-4.054e-08  -4.865e-05  4.636e-12  -1.362e-06  -3.003e-08 
1.198e-02  1.436e+01  -1.362e-06  4.020e-01  8.421e-03 
2.447e-04  3.008e-01  -3.003e-08  8.421e-03  5.460e-04 

f275w filter: 
log(z) = 0.0, log(g) = 3.5
	 Damped-oscillator fit coefficients: 
4.222e-01  5.666e-02  -1.514e-01  3.255e+00  3.000e-01 
	 Covariance matrix: 
2.574e+12  -3.454e+11  1.659e+07  2.415e+13  -3.319e+07 
-3.454e+11  4.635e+10  -2.224e+06  -3.240e+12  4.449e+06 
1.659e+07  -2.224e+06  6.504e+03  1.556e+08  -1.301e+04 
2.415e+13  -3.240e+12  1.556e+08  2.265e+14  -3.112e+08 
-3.319e+07  4.449e+06  -1.301e+04  -3.112e+08  2.601e+04 

f275w filter: 
log(z) = 0.0, log(g) = 4.0
	 Damped-oscillator fit coefficients: 
6.706e-01  4.950e-01  -7.224e-03  1.620e+00  1.163e-02 
	 Covariance matrix: 
7.208e+14  -5.321e+14  5.786e+05  3.165e+15  -1.229e+06 
-5.321e+14  3.928e+14  -4.271e+05  -2.336e+15  9.075e+05 
5.786e+05  -4.271e+05  1.875e-02  2.540e+06  -3.497e-02 
3.165e+15  -2.336e+15  2.540e+06  1.389e+16  -5.397e+06 
-1.229e+06  9.075e+05  -3.497e-02  -5.397e+06  6.569e-02 

f275w filter: 
log(z) = 0.0, log(g) = 4.5
	 Damped-oscillator fit coefficients: 
7.303e-01  7.349e-01  -4.074e-03  1.412e+00  5.946e-03 
	 Covariance matrix: 
8.603e+14  -8.657e+14  2.888e+05  3.564e+15  -6.496e+05 
-8.657e+14  8.712e+14  -2.906e+05  -3.586e+15  6.537e+05 
2.888e+05  -2.906e+05  8.112e-04  1.196e+06  -1.187e-03 
3.564e+15  -3.586e+15  1.196e+06  1.476e+16  -2.691e+06 
-6.496e+05  6.537e+05  -1.187e-03  -2.691e+06  2.120e-03 

f275w filter: 
log(z) = 0.0, log(g) = 5.0
	 Damped-oscillator fit coefficients: 
7.543e-01  7.653e-01  -4.024e-03  1.451e+00  6.083e-03 
	 Covariance matrix: 
8.039e+14  -8.156e+14  2.439e+05  3.586e+15  -5.457e+05 
-8.156e+14  8.274e+14  -2.475e+05  -3.638e+15  5.537e+05 
2.439e+05  -2.475e+05  6.385e-04  1.088e+06  -8.786e-04 
3.586e+15  -3.638e+15  1.088e+06  1.600e+16  -2.435e+06 
-5.457e+05  5.537e+05  -8.786e-04  -2.435e+06  1.578e-03 

f300x filter: 
log(z) = 0.0, log(g) = 0.0
	 Damped-oscillator fit coefficients: 
3.000e-01  1.201e-01  -1.786e-01  1.000e+01  -3.000e-01 
	 Covariance matrix: 
4.713e+12  -1.892e+12  -6.395e+08  1.731e+14  4.029e+08 
-1.892e+12  7.597e+11  2.647e+08  -6.948e+13  -1.669e+08 
-6.395e+08  2.647e+08  1.056e+06  -2.413e+10  -6.875e+05 
1.731e+14  -6.948e+13  -2.413e+10  6.355e+15  1.522e+10 
4.029e+08  -1.669e+08  -6.875e+05  1.522e+10  4.480e+05 

f300x filter: 
log(z) = 0.0, log(g) = 0.5
	 Damped-oscillator fit coefficients: 
9.384e-01  2.347e+00  -1.093e-02  8.503e-01  3.000e-01 
	 Covariance matrix: 
2.594e+11  -6.489e+11  -6.354e+05  1.968e+12  8.566e+06 
-6.489e+11  1.623e+12  1.590e+06  -4.923e+12  -2.143e+07 
-6.354e+05  1.590e+06  4.098e+00  -4.821e+06  -5.545e+01 
1.968e+12  -4.923e+12  -4.821e+06  1.493e+13  6.500e+07 
8.566e+06  -2.143e+07  -5.545e+01  6.500e+07  7.510e+02 

f300x filter: 
log(z) = 0.0, log(g) = 1.0
	 Damped-oscillator fit coefficients: 
9.222e-01  2.679e+00  -6.921e-03  6.753e-01  3.000e-01 
	 Covariance matrix: 
1.752e+11  -5.090e+11  8.402e+04  8.581e+11  -1.401e+06 
-5.090e+11  1.479e+12  -2.441e+05  -2.493e+12  4.070e+06 
8.402e+04  -2.441e+05  2.151e-01  4.115e+05  -3.800e+00 
8.581e+11  -2.493e+12  4.115e+05  4.202e+12  -6.861e+06 
-1.401e+06  4.070e+06  -3.800e+00  -6.861e+06  6.737e+01 

f300x filter: 
log(z) = 0.0, log(g) = 1.5
	 Damped-oscillator fit coefficients: 
9.410e-01  2.403e+00  -9.591e-03  8.543e-01  3.000e-01 
	 Covariance matrix: 
6.804e+10  -1.737e+11  7.542e+03  5.397e+11  -8.923e+04 
-1.737e+11  4.435e+11  -1.925e+04  -1.378e+12  2.277e+05 
7.542e+03  -1.925e+04  1.594e-01  5.983e+04  -2.073e+00 
5.397e+11  -1.378e+12  5.983e+04  4.282e+12  -7.078e+05 
-8.923e+04  2.277e+05  -2.073e+00  -7.078e+05  2.709e+01 

f300x filter: 
log(z) = 0.0, log(g) = 2.0
	 Damped-oscillator fit coefficients: 
9.909e-01  5.307e+00  -9.411e-06  1.082e+00  2.755e-03 
	 Covariance matrix: 
9.206e+09  -4.931e+10  6.002e+00  5.522e+11  -1.014e+03 
-4.931e+10  2.641e+11  -3.215e+01  -2.957e+12  5.432e+03 
6.002e+00  -3.215e+01  3.621e-08  3.600e+02  -1.610e-05 
5.522e+11  -2.957e+12  3.600e+02  3.312e+13  -6.084e+04 
-1.014e+03  5.432e+03  -1.610e-05  -6.084e+04  8.919e-03 

f300x filter: 
log(z) = 0.0, log(g) = 2.5
	 Damped-oscillator fit coefficients: 
9.951e-01  5.851e+00  -2.233e-06  1.362e+00  -5.203e-03 
	 Covariance matrix: 
2.006e+10  -1.180e+11  5.357e+00  2.816e+12  -9.504e+01 
-1.180e+11  6.935e+11  -3.150e+01  -1.656e+13  5.585e+02 
5.357e+00  -3.150e+01  3.201e-09  7.521e+02  -1.243e-06 
2.816e+12  -1.656e+13  7.521e+02  3.954e+14  -1.334e+04 
-9.504e+01  5.585e+02  -1.243e-06  -1.334e+04  1.416e-03 

f300x filter: 
log(z) = 0.0, log(g) = 3.0
	 Damped-oscillator fit coefficients: 
9.951e-01  5.931e+00  -1.391e-06  1.352e+00  -4.836e-03 
	 Covariance matrix: 
1.226e+10  -7.306e+10  3.764e+00  1.695e+12  -5.410e+02 
-7.306e+10  4.355e+11  -2.244e+01  -1.010e+13  3.224e+03 
3.764e+00  -2.244e+01  2.117e-09  5.207e+02  -7.013e-07 
1.695e+12  -1.010e+13  5.207e+02  2.345e+14  -7.482e+04 
-5.410e+02  3.224e+03  -7.013e-07  -7.482e+04  7.300e-04 

f300x filter: 
log(z) = 0.0, log(g) = 3.5
	 Damped-oscillator fit coefficients: 
9.956e-01  6.444e+00  -3.538e-07  1.332e+00  -3.877e-03 
	 Covariance matrix: 
8.298e+10  -5.371e+11  3.104e+00  1.271e+13  5.230e+02 
-5.371e+11  3.476e+12  -2.009e+01  -8.226e+13  -3.385e+03 
3.104e+00  -2.009e+01  2.686e-10  4.753e+02  -1.386e-07 
1.271e+13  -8.226e+13  4.753e+02  1.946e+15  8.009e+04 
5.230e+02  -3.385e+03  -1.386e-07  8.009e+04  4.905e-04 

f300x filter: 
log(z) = 0.0, log(g) = 4.0
	 Damped-oscillator fit coefficients: 
9.975e-01  8.047e+00  -1.011e-08  1.410e+00  -2.544e-03 
	 Covariance matrix: 
7.618e-04  1.028e+00  2.027e-08  2.947e-02  -2.111e-04 
1.028e+00  1.389e+03  2.744e-05  3.982e+01  -2.970e-01 
2.027e-08  2.744e-05  5.441e-13  7.865e-07  -6.193e-09 
2.947e-02  3.982e+01  7.865e-07  1.141e+00  -8.515e-03 
-2.111e-04  -2.970e-01  -6.193e-09  -8.515e-03  3.051e-04 

f300x filter: 
log(z) = 0.0, log(g) = 4.5
	 Damped-oscillator fit coefficients: 
9.023e-01  1.136e+00  -7.299e-04  1.777e+00  -2.047e-04 
	 Covariance matrix: 
1.060e+15  -1.334e+15  2.132e+05  1.123e+16  -2.873e+05 
-1.334e+15  1.679e+15  -2.683e+05  -1.414e+16  3.615e+05 
2.132e+05  -2.683e+05  3.839e-04  2.259e+06  -4.141e-04 
1.123e+16  -1.414e+16  2.259e+06  1.190e+17  -3.044e+06 
-2.873e+05  3.615e+05  -4.141e-04  -3.044e+06  7.688e-04 

f300x filter: 
log(z) = 0.0, log(g) = 5.0
	 Damped-oscillator fit coefficients: 
9.641e-01  2.488e+00  5.129e-05  1.236e+00  -4.377e-04 
	 Covariance matrix: 
4.549e+14  -1.174e+15  -4.932e+04  8.278e+15  2.774e+04 
-1.174e+15  3.029e+15  1.273e+05  -2.136e+16  -7.157e+04 
-4.932e+04  1.273e+05  3.341e-05  -8.976e+05  -5.931e-05 
8.278e+15  -2.136e+16  -8.976e+05  1.507e+17  5.048e+05 
2.774e+04  -7.157e+04  -5.931e-05  5.048e+05  3.886e-04 

