f218w filter: 
log(z) = -2.0, log(g) = 0.0
	 Damped-oscillator fit coefficients: 
9.941e-01  6.785e+00  -5.587e-06  1.019e+00  4.999e-01 
	 Covariance matrix: 
3.318e+08  -2.265e+09  -4.170e+00  2.867e+10  8.332e+04 
-2.265e+09  1.546e+10  2.849e+01  -1.957e+11  -5.691e+05 
-4.170e+00  2.849e+01  2.631e-07  -3.604e+02  -4.960e-03 
2.867e+10  -1.957e+11  -3.604e+02  2.478e+12  7.200e+06 
8.332e+04  -5.691e+05  -4.960e-03  7.200e+06  9.404e+01 

f218w filter: 
log(z) = -2.0, log(g) = 0.5
	 Damped-oscillator fit coefficients: 
1.934e+00  3.052e+00  1.061e-18  2.705e+00  -1.265e-02 
	 Covariance matrix: 
6.932e-71  -0.000e+00  2.529e-54  2.758e-71  1.547e-71 
-0.000e+00  0.000e+00  -0.000e+00  -0.000e+00  -0.000e+00 
2.529e-54  -0.000e+00  9.225e-38  1.006e-54  5.645e-55 
2.758e-71  -0.000e+00  1.006e-54  1.097e-71  6.155e-72 
1.547e-71  -0.000e+00  5.645e-55  6.155e-72  3.454e-72 

f218w filter: 
log(z) = -2.0, log(g) = 1.0
	 Damped-oscillator fit coefficients: 
1.421e+00  1.469e+00  6.027e-05  1.554e+00  -1.504e-01 
	 Covariance matrix: 
5.270e+12  -5.523e+12  4.461e+03  -5.516e+12  1.275e+07 
-5.523e+12  5.794e+12  -4.941e+03  5.769e+12  -1.439e+07 
4.461e+03  -4.941e+03  1.650e-05  -4.134e+03  5.848e-02 
-5.516e+12  5.769e+12  -4.134e+03  5.796e+12  -1.128e+07 
1.275e+07  -1.439e+07  5.848e-02  -1.128e+07  2.152e+02 

f218w filter: 
log(z) = -2.0, log(g) = 1.5
	 Damped-oscillator fit coefficients: 
1.443e+00  1.555e+00  2.819e-05  1.639e+00  -1.414e-01 
	 Covariance matrix: 
1.188e+12  -1.297e+12  1.067e+02  -1.212e+12  1.140e+06 
-1.297e+12  1.443e+12  -2.079e+02  1.274e+12  -2.950e+06 
1.067e+02  -2.079e+02  3.524e-07  6.897e+01  6.076e-03 
-1.212e+12  1.274e+12  6.897e+01  1.336e+12  2.156e+06 
1.140e+06  -2.950e+06  6.076e-03  2.156e+06  1.129e+02 

f218w filter: 
log(z) = -2.0, log(g) = 2.0
	 Damped-oscillator fit coefficients: 
1.660e+00  1.881e+00  3.480e-07  1.598e+00  -5.345e-02 
	 Covariance matrix: 
4.142e+12  -5.977e+12  -8.350e-01  -3.264e+11  6.331e+05 
-5.977e+12  9.287e+12  1.468e+00  -5.355e+11  -1.233e+06 
-8.350e-01  1.468e+00  1.411e-12  -3.328e-01  -2.790e-07 
-3.264e+11  -5.355e+11  -3.328e-01  1.551e+12  4.340e+05 
6.331e+05  -1.233e+06  -2.790e-07  4.340e+05  2.513e-01 

f218w filter: 
log(z) = -2.0, log(g) = 2.5
	 Damped-oscillator fit coefficients: 
1.579e+00  2.167e+00  6.685e-08  1.728e+00  -3.704e-02 
	 Covariance matrix: 
1.600e-02  8.429e-03  -2.149e-08  6.048e-03  1.547e-03 
8.429e-03  4.441e-03  -1.132e-08  3.187e-03  8.149e-04 
-2.149e-08  -1.132e-08  2.890e-14  -8.127e-09  -2.122e-09 
6.048e-03  3.187e-03  -8.127e-09  2.287e-03  5.848e-04 
1.547e-03  8.149e-04  -2.122e-09  5.848e-04  4.723e-04 

f218w filter: 
log(z) = -2.0, log(g) = 3.0
	 Damped-oscillator fit coefficients: 
1.657e+00  2.180e+00  2.037e-08  1.746e+00  -2.880e-02 
	 Covariance matrix: 
1.251e-02  7.130e-03  -5.351e-09  5.181e-03  1.001e-03 
7.130e-03  4.065e-03  -3.051e-09  2.954e-03  5.705e-04 
-5.351e-09  -3.051e-09  2.291e-15  -2.217e-09  -4.375e-10 
5.181e-03  2.954e-03  -2.217e-09  2.146e-03  4.145e-04 
1.001e-03  5.705e-04  -4.375e-10  4.145e-04  3.383e-04 

f218w filter: 
log(z) = -2.0, log(g) = 3.5
	 Damped-oscillator fit coefficients: 
1.598e+00  2.378e+00  8.856e-09  1.787e+00  -2.390e-02 
	 Covariance matrix: 
1.074e-02  5.251e-03  -2.076e-09  4.068e-03  7.751e-04 
5.251e-03  2.566e-03  -1.015e-09  1.988e-03  3.788e-04 
-2.076e-09  -1.015e-09  4.015e-16  -7.862e-10  -1.530e-10 
4.068e-03  1.988e-03  -7.862e-10  1.541e-03  2.935e-04 
7.751e-04  3.788e-04  -1.530e-10  2.935e-04  2.823e-04 

f218w filter: 
log(z) = -2.0, log(g) = 4.0
	 Damped-oscillator fit coefficients: 
1.613e+00  2.407e+00  4.652e-09  1.821e+00  -1.899e-02 
	 Covariance matrix: 
9.882e-03  4.845e-03  -1.027e-09  3.768e-03  6.015e-04 
4.845e-03  2.375e-03  -5.035e-10  1.847e-03  2.949e-04 
-1.027e-09  -5.035e-10  1.068e-16  -3.915e-10  -6.388e-11 
3.768e-03  1.847e-03  -3.915e-10  1.436e-03  2.293e-04 
6.015e-04  2.949e-04  -6.388e-11  2.293e-04  2.272e-04 

f218w filter: 
log(z) = -2.0, log(g) = 4.5
	 Damped-oscillator fit coefficients: 
1.645e+00  2.373e+00  2.915e-09  1.862e+00  -1.506e-02 
	 Covariance matrix: 
9.519e-03  4.888e-03  -6.289e-10  3.716e-03  4.801e-04 
4.888e-03  2.510e-03  -3.229e-10  1.908e-03  2.465e-04 
-6.289e-10  -3.229e-10  4.157e-17  -2.455e-10  -3.242e-11 
3.716e-03  1.908e-03  -2.455e-10  1.451e-03  1.874e-04 
4.801e-04  2.465e-04  -3.242e-11  1.874e-04  1.837e-04 

f218w filter: 
log(z) = -2.0, log(g) = 5.0
	 Damped-oscillator fit coefficients: 
1.627e+00  2.439e+00  2.373e-09  1.854e+00  -1.428e-02 
	 Covariance matrix: 
9.497e-03  4.656e-03  -5.152e-10  3.638e-03  4.681e-04 
4.656e-03  2.282e-03  -2.525e-10  1.783e-03  2.295e-04 
-5.152e-10  -2.525e-10  2.796e-17  -1.973e-10  -2.595e-11 
3.638e-03  1.783e-03  -1.973e-10  1.393e-03  1.793e-04 
4.681e-04  2.295e-04  -2.595e-11  1.793e-04  1.799e-04 

f225w filter: 
log(z) = -2.0, log(g) = 0.0
	 Damped-oscillator fit coefficients: 
9.956e-01  6.077e+00  7.596e-06  1.254e+00  -3.000e-01 
	 Covariance matrix: 
8.051e+08  -4.914e+09  -8.309e+00  1.151e+11  4.871e+04 
-4.914e+09  2.999e+10  5.045e+01  -7.024e+11  -2.958e+05 
-8.309e+00  5.045e+01  4.279e-06  -1.188e+03  -2.433e-02 
1.151e+11  -7.024e+11  -1.188e+03  1.645e+13  6.963e+06 
4.871e+04  -2.958e+05  -2.433e-02  6.963e+06  1.391e+02 

f225w filter: 
log(z) = -2.0, log(g) = 0.5
	 Damped-oscillator fit coefficients: 
8.962e-01  1.927e+00  -3.495e-02  8.785e-01  3.000e-01 
	 Covariance matrix: 
1.604e+11  -3.448e+11  2.673e+05  7.987e+11  -2.133e+06 
-3.448e+11  7.415e+11  -5.744e+05  -1.718e+12  4.585e+06 
2.673e+05  -5.744e+05  3.264e+01  1.331e+06  -2.532e+02 
7.987e+11  -1.718e+12  1.331e+06  3.979e+12  -1.063e+07 
-2.133e+06  4.585e+06  -2.532e+02  -1.063e+07  1.966e+03 

f225w filter: 
log(z) = -2.0, log(g) = 1.0
	 Damped-oscillator fit coefficients: 
9.484e-01  2.992e+00  -5.557e-03  8.159e-01  3.000e-01 
	 Covariance matrix: 
2.135e+10  -6.737e+10  5.027e+03  1.829e+11  -1.359e+05 
-6.737e+10  2.125e+11  -1.586e+04  -5.769e+11  4.287e+05 
5.027e+03  -1.586e+04  3.300e-02  4.305e+04  -9.594e-01 
1.829e+11  -5.769e+11  4.305e+04  1.566e+12  -1.164e+06 
-1.359e+05  4.287e+05  -9.594e-01  -1.164e+06  2.803e+01 

f225w filter: 
log(z) = -2.0, log(g) = 1.5
	 Damped-oscillator fit coefficients: 
9.707e-01  3.289e+00  -3.260e-03  9.930e-01  3.000e-01 
	 Covariance matrix: 
1.010e+10  -3.421e+10  -2.546e+03  1.787e+11  1.099e+05 
-3.421e+10  1.159e+11  8.627e+03  -6.056e+11  -3.722e+05 
-2.546e+03  8.627e+03  2.859e-03  -4.507e+04  -1.236e-01 
1.787e+11  -6.056e+11  -4.507e+04  3.164e+12  1.945e+06 
1.099e+05  -3.722e+05  -1.236e-01  1.945e+06  5.384e+00 

f225w filter: 
log(z) = -2.0, log(g) = 2.0
	 Damped-oscillator fit coefficients: 
1.654e+00  2.431e+00  4.892e-10  1.941e+00  -4.350e-02 
	 Covariance matrix: 
4.655e-02  2.346e-02  -5.408e-10  1.784e-02  3.179e-03 
2.346e-02  1.182e-02  -2.725e-10  8.988e-03  1.602e-03 
-5.408e-10  -2.725e-10  6.286e-18  -2.072e-10  -3.752e-11 
1.784e-02  8.988e-03  -2.072e-10  6.835e-03  1.218e-03 
3.179e-03  1.602e-03  -3.752e-11  1.218e-03  6.490e-04 

f225w filter: 
log(z) = -2.0, log(g) = 2.5
	 Damped-oscillator fit coefficients: 
1.686e+00  2.489e+00  1.308e-10  1.994e+00  -3.204e-02 
	 Covariance matrix: 
3.570e-02  1.811e-02  -1.154e-10  1.393e-02  1.722e-03 
1.811e-02  9.193e-03  -5.855e-11  7.069e-03  8.739e-04 
-1.154e-10  -5.855e-11  3.731e-19  -4.503e-11  -5.664e-12 
1.393e-02  7.069e-03  -4.503e-11  5.436e-03  6.720e-04 
1.722e-03  8.739e-04  -5.664e-12  6.720e-04  3.804e-04 

f225w filter: 
log(z) = -2.0, log(g) = 3.0
	 Damped-oscillator fit coefficients: 
1.751e+00  2.476e+00  4.950e-11  1.995e+00  -2.332e-02 
	 Covariance matrix: 
3.177e-02  1.728e-02  -3.980e-11  1.332e-02  1.268e-03 
1.728e-02  9.398e-03  -2.165e-11  7.244e-03  6.895e-04 
-3.980e-11  -2.165e-11  4.989e-20  -1.669e-11  -1.616e-12 
1.332e-02  7.244e-03  -1.669e-11  5.583e-03  5.315e-04 
1.268e-03  6.895e-04  -1.616e-12  5.315e-04  2.947e-04 

f225w filter: 
log(z) = -2.0, log(g) = 3.5
	 Damped-oscillator fit coefficients: 
1.699e+00  2.638e+00  2.505e-11  2.018e+00  -1.768e-02 
	 Covariance matrix: 
2.923e-02  1.417e-02  -1.900e-11  1.148e-02  1.048e-03 
1.417e-02  6.864e-03  -9.206e-12  5.564e-03  5.079e-04 
-1.900e-11  -9.206e-12  1.235e-20  -7.463e-12  -6.931e-13 
1.148e-02  5.564e-03  -7.463e-12  4.511e-03  4.117e-04 
1.048e-03  5.079e-04  -6.931e-13  4.117e-04  2.542e-04 

f225w filter: 
log(z) = -2.0, log(g) = 4.0
	 Damped-oscillator fit coefficients: 
1.712e+00  2.677e+00  1.143e-11  2.045e+00  -1.134e-02 
	 Covariance matrix: 
2.828e-02  1.366e-02  -8.564e-12  1.116e-02  8.480e-04 
1.366e-02  6.602e-03  -4.138e-12  5.392e-03  4.098e-04 
-8.564e-12  -4.138e-12  2.595e-21  -3.380e-12  -2.614e-13 
1.116e-02  5.392e-03  -3.380e-12  4.403e-03  3.347e-04 
8.480e-04  4.098e-04  -2.614e-13  3.347e-04  2.093e-04 

f225w filter: 
log(z) = -2.0, log(g) = 4.5
	 Damped-oscillator fit coefficients: 
1.756e+00  2.643e+00  5.202e-12  2.080e+00  -5.694e-03 
	 Covariance matrix: 
2.833e-02  1.445e-02  -3.975e-12  1.159e-02  6.950e-04 
1.445e-02  7.375e-03  -2.028e-12  5.913e-03  3.546e-04 
-3.975e-12  -2.028e-12  5.580e-22  -1.626e-12  -9.923e-14 
1.159e-02  5.913e-03  -1.626e-12  4.741e-03  2.843e-04 
6.950e-04  3.546e-04  -9.923e-14  2.843e-04  1.719e-04 

f225w filter: 
log(z) = -2.0, log(g) = 5.0
	 Damped-oscillator fit coefficients: 
1.762e+00  2.660e+00  3.614e-12  2.091e+00  -5.031e-03 
	 Covariance matrix: 
2.845e-02  1.449e-02  -2.800e-12  1.166e-02  6.791e-04 
1.449e-02  7.378e-03  -1.426e-12  5.938e-03  3.458e-04 
-2.800e-12  -1.426e-12  2.756e-22  -1.148e-12  -6.798e-14 
1.166e-02  5.938e-03  -1.148e-12  4.779e-03  2.783e-04 
6.791e-04  3.458e-04  -6.798e-14  2.783e-04  1.685e-04 

f275w filter: 
log(z) = -2.0, log(g) = 0.0
	 Damped-oscillator fit coefficients: 
1.000e+00  1.000e+01  6.491e-10  9.033e+00  1.534e-03 
	 Covariance matrix: 
5.711e-06  8.240e-01  -1.152e-09  4.496e-05  6.472e-03 
8.240e-01  1.189e+05  -1.663e-04  6.488e+00  9.351e+02 
-1.152e-09  -1.663e-04  2.325e-13  -9.072e-09  -1.310e-06 
4.496e-05  6.488e+00  -9.072e-09  3.540e-04  5.103e-02 
6.472e-03  9.351e+02  -1.310e-06  5.103e-02  7.495e+00 

f275w filter: 
log(z) = -2.0, log(g) = 0.5
	 Damped-oscillator fit coefficients: 
1.000e+00  1.000e+01  4.449e-10  9.762e+00  1.596e-02 
	 Covariance matrix: 
4.141e-07  6.723e-02  -6.188e-11  2.413e-06  1.954e-04 
6.723e-02  1.092e+04  -1.005e-05  3.918e-01  3.185e+01 
-6.188e-11  -1.005e-05  9.258e-15  -3.608e-10  -2.952e-08 
2.413e-06  3.918e-01  -3.608e-10  1.407e-05  1.143e-03 
1.954e-04  3.185e+01  -2.952e-08  1.143e-03  1.016e-01 

f275w filter: 
log(z) = -2.0, log(g) = 1.0
	 Damped-oscillator fit coefficients: 
9.957e-01  8.319e+00  1.661e-08  9.941e-01  8.537e-03 
	 Covariance matrix: 
8.432e-03  5.266e+00  -1.780e-07  3.747e-01  2.334e-02 
5.266e+00  3.289e+03  -1.112e-04  2.340e+02  1.459e+01 
-1.780e-07  -1.112e-04  3.763e-12  -7.912e-06  -4.976e-07 
3.747e-01  2.340e+02  -7.912e-06  1.665e+01  1.038e+00 
2.334e-02  1.459e+01  -4.976e-07  1.038e+00  7.127e-02 

f275w filter: 
log(z) = -2.0, log(g) = 1.5
	 Damped-oscillator fit coefficients: 
9.844e-01  7.147e+00  -7.223e-08  1.786e+00  2.519e-03 
	 Covariance matrix: 
4.053e+10  -2.943e+11  3.366e-01  2.369e+12  -8.204e+02 
-2.943e+11  2.137e+12  -2.444e+00  -1.720e+13  5.963e+03 
3.366e-01  -2.444e+00  3.088e-11  1.967e+01  9.495e-07 
2.369e+12  -1.720e+13  1.967e+01  1.385e+14  -4.795e+04 
-8.204e+02  5.963e+03  9.495e-07  -4.795e+04  3.630e-02 

f275w filter: 
log(z) = -2.0, log(g) = 2.0
	 Damped-oscillator fit coefficients: 
9.786e-01  5.883e+00  -9.004e-07  1.816e+00  -5.401e-03 
	 Covariance matrix: 
4.803e+11  -2.887e+12  2.271e+01  2.108e+13  -1.650e+03 
-2.887e+12  1.736e+13  -1.365e+02  -1.267e+14  9.916e+03 
2.271e+01  -1.365e+02  1.729e-09  9.967e+02  1.205e-06 
2.108e+13  -1.267e+14  9.967e+02  9.252e+14  -7.239e+04 
-1.650e+03  9.916e+03  1.205e-06  -7.239e+04  3.579e-03 

f275w filter: 
log(z) = -2.0, log(g) = 2.5
	 Damped-oscillator fit coefficients: 
1.622e+00  3.760e-01  5.252e-04  3.867e+00  -1.317e-02 
	 Covariance matrix: 
5.934e+14  -1.375e+14  -3.323e+04  -8.672e+14  7.544e+05 
-1.375e+14  3.188e+13  7.771e+03  2.010e+14  -1.791e+05 
-3.323e+04  7.771e+03  6.425e-04  4.761e+04  -3.808e-02 
-8.672e+14  2.010e+14  4.761e+04  1.267e+15  -1.044e+06 
7.544e+05  -1.791e+05  -3.808e-02  -1.044e+06  2.343e+00 

f275w filter: 
log(z) = -2.0, log(g) = 3.0
	 Damped-oscillator fit coefficients: 
2.547e+00  1.232e-01  1.375e-04  9.768e+00  -6.388e-03 
	 Covariance matrix: 
1.023e+15  -4.947e+13  -9.907e+04  -7.147e+14  4.236e+05 
-4.947e+13  2.393e+12  4.792e+03  3.457e+13  -2.050e+04 
-9.907e+04  4.792e+03  1.139e-05  6.920e+04  -8.658e-05 
-7.147e+14  3.457e+13  6.920e+04  4.994e+14  -2.944e+05 
4.236e+05  -2.050e+04  -8.658e-05  -2.944e+05  2.178e-03 

f275w filter: 
log(z) = -2.0, log(g) = 3.5
	 Damped-oscillator fit coefficients: 
3.000e+00  1.095e-01  7.839e-05  1.000e+01  -4.095e-03 
	 Covariance matrix: 
1.463e+15  -5.341e+13  -1.245e+05  -6.097e+14  6.718e+05 
-5.341e+13  1.950e+12  4.544e+03  2.226e+13  -2.452e+04 
-1.245e+05  4.544e+03  1.110e-05  5.188e+04  -7.089e-05 
-6.097e+14  2.226e+13  5.188e+04  2.540e+14  -2.800e+05 
6.718e+05  -2.452e+04  -7.089e-05  -2.800e+05  9.943e-04 

f275w filter: 
log(z) = -2.0, log(g) = 4.0
	 Damped-oscillator fit coefficients: 
3.000e+00  1.156e-01  5.387e-05  1.000e+01  -2.308e-03 
	 Covariance matrix: 
1.904e+15  -7.341e+13  -1.043e+05  -7.935e+14  4.892e+05 
-7.341e+13  2.830e+12  4.022e+03  3.059e+13  -1.886e+04 
-1.043e+05  4.022e+03  5.946e-06  4.348e+04  -3.399e-05 
-7.935e+14  3.059e+13  4.348e+04  3.306e+14  -2.038e+05 
4.892e+05  -1.886e+04  -3.399e-05  -2.038e+05  6.178e-04 

f275w filter: 
log(z) = -2.0, log(g) = 4.5
	 Damped-oscillator fit coefficients: 
1.788e+00  4.236e-01  3.735e-05  4.848e+00  -1.015e-03 
	 Covariance matrix: 
3.995e+14  -9.463e+13  2.788e+02  -4.927e+14  -4.547e+04 
-9.463e+13  2.241e+13  -6.603e+01  1.167e+14  1.077e+04 
2.788e+02  -6.603e+01  1.110e-07  -3.438e+02  -4.056e-06 
-4.927e+14  1.167e+14  -3.438e+02  6.076e+14  5.607e+04 
-4.547e+04  1.077e+04  -4.056e-06  5.607e+04  3.676e-04 

f275w filter: 
log(z) = -2.0, log(g) = 5.0
	 Damped-oscillator fit coefficients: 
1.773e+00  4.636e-01  2.935e-05  4.573e+00  -4.299e-04 
	 Covariance matrix: 
5.047e+14  -1.320e+14  -9.247e+02  -6.071e+14  -4.795e+03 
-1.320e+14  3.450e+13  2.418e+02  1.587e+14  1.254e+03 
-9.247e+02  2.418e+02  7.304e-08  1.112e+03  -3.072e-06 
-6.071e+14  1.587e+14  1.112e+03  7.302e+14  5.767e+03 
-4.795e+03  1.254e+03  -3.072e-06  5.767e+03  3.433e-04 

f300x filter: 
log(z) = -2.0, log(g) = 0.0
	 Damped-oscillator fit coefficients: 
9.803e-01  4.766e+00  -2.084e-06  1.359e+00  -4.322e-02 
	 Covariance matrix: 
1.570e+13  -7.592e+13  2.183e+06  5.587e+14  -5.050e+08 
-7.592e+13  3.670e+14  -1.039e+07  -2.701e+15  2.404e+09 
2.183e+06  -1.039e+07  1.130e+00  7.767e+07  -2.617e+02 
5.587e+14  -2.701e+15  7.767e+07  1.988e+16  -1.797e+10 
-5.050e+08  2.404e+09  -2.617e+02  -1.797e+10  6.059e+04 

f300x filter: 
log(z) = -2.0, log(g) = 0.5
	 Damped-oscillator fit coefficients: 
8.083e-01  1.419e+00  -4.648e-02  7.511e-01  3.000e-01 
	 Covariance matrix: 
2.855e+12  -5.011e+12  3.366e+07  7.655e+12  -1.386e+08 
-5.011e+12  8.794e+12  -5.906e+07  -1.343e+13  2.432e+08 
3.366e+07  -5.906e+07  1.258e+03  9.024e+07  -5.220e+03 
7.655e+12  -1.343e+13  9.024e+07  2.052e+13  -3.716e+08 
-1.386e+08  2.432e+08  -5.220e+03  -3.716e+08  2.168e+04 

f300x filter: 
log(z) = -2.0, log(g) = 1.0
	 Damped-oscillator fit coefficients: 
1.442e+00  1.828e+00  1.119e-06  1.401e+00  -1.239e-02 
	 Covariance matrix: 
3.526e+14  -4.381e+14  -3.158e+03  -3.305e+14  -3.970e+07 
-4.381e+14  5.470e+14  3.134e+03  4.069e+14  3.770e+07 
-3.158e+03  3.134e+03  2.830e-07  4.164e+03  3.993e-03 
-3.305e+14  4.069e+14  4.164e+03  3.157e+14  5.496e+07 
-3.970e+07  3.770e+07  3.993e-03  5.496e+07  5.830e+01 

f300x filter: 
log(z) = -2.0, log(g) = 1.5
	 Damped-oscillator fit coefficients: 
8.285e-01  1.314e+00  -5.061e-02  8.771e-01  3.000e-01 
	 Covariance matrix: 
2.311e+12  -3.664e+12  2.085e+06  7.801e+12  -7.960e+06 
-3.664e+12  5.809e+12  -3.306e+06  -1.237e+13  1.262e+07 
2.085e+06  -3.306e+06  9.009e+01  7.040e+06  -3.414e+02 
7.801e+12  -1.237e+13  7.040e+06  2.633e+13  -2.687e+07 
-7.960e+06  1.262e+07  -3.414e+02  -2.687e+07  1.295e+03 

f300x filter: 
log(z) = -2.0, log(g) = 2.0
	 Damped-oscillator fit coefficients: 
9.055e-01  2.226e+00  -2.820e-03  8.764e-01  4.395e-02 
	 Covariance matrix: 
4.327e+12  -1.063e+13  -1.201e+03  2.326e+13  7.364e+04 
-1.063e+13  2.614e+13  2.952e+03  -5.718e+13  -1.810e+05 
-1.201e+03  2.952e+03  9.181e-03  -6.456e+03  -7.126e-02 
2.326e+13  -5.718e+13  -6.456e+03  1.251e+14  3.960e+05 
7.364e+04  -1.810e+05  -7.126e-02  3.960e+05  5.643e-01 

f300x filter: 
log(z) = -2.0, log(g) = 2.5
	 Damped-oscillator fit coefficients: 
9.377e-01  2.908e+00  -2.934e-04  1.080e+00  6.388e-03 
	 Covariance matrix: 
4.755e+12  -1.475e+13  4.116e+03  4.535e+13  -1.772e+04 
-1.475e+13  4.574e+13  -1.277e+04  -1.407e+14  5.495e+04 
4.116e+03  -1.277e+04  9.928e-05  3.927e+04  -1.103e-03 
4.535e+13  -1.407e+14  3.927e+04  4.326e+14  -1.690e+05 
-1.772e+04  5.495e+04  -1.103e-03  -1.690e+05  1.382e-02 

f300x filter: 
log(z) = -2.0, log(g) = 3.0
	 Damped-oscillator fit coefficients: 
1.506e+00  7.670e-01  5.182e-05  3.022e+00  -1.469e-03 
	 Covariance matrix: 
1.858e+14  -9.459e+13  1.343e+03  -2.936e+14  -3.760e+02 
-9.459e+13  4.816e+13  -6.836e+02  1.495e+14  1.226e+02 
1.343e+03  -6.836e+02  1.729e-07  -2.122e+03  -8.222e-06 
-2.936e+14  1.495e+14  -2.122e+03  4.640e+14  9.854e+02 
-3.760e+02  1.226e+02  -8.222e-06  9.854e+02  2.642e-03 

f300x filter: 
log(z) = -2.0, log(g) = 3.5
	 Damped-oscillator fit coefficients: 
2.981e+00  1.099e-01  1.114e-04  1.000e+01  -1.670e-03 
	 Covariance matrix: 
4.554e+14  -1.679e+13  -4.763e+04  -1.937e+14  3.215e+05 
-1.679e+13  6.190e+11  1.756e+03  7.143e+12  -1.185e+04 
-4.763e+04  1.756e+03  5.512e-06  2.026e+04  -4.771e-05 
-1.937e+14  7.143e+12  2.026e+04  8.243e+13  -1.368e+05 
3.215e+05  -1.185e+04  -4.771e-05  -1.368e+05  9.157e-04 

f300x filter: 
log(z) = -2.0, log(g) = 4.0
	 Damped-oscillator fit coefficients: 
1.429e+00  7.578e-01  2.158e-04  2.595e+00  -1.709e-03 
	 Covariance matrix: 
1.952e+14  -1.035e+14  5.391e+03  -3.401e+14  -1.270e+04 
-1.035e+14  5.489e+13  -2.859e+03  1.803e+14  6.734e+03 
5.391e+03  -2.859e+03  1.745e-06  -9.393e+03  -2.416e-05 
-3.401e+14  1.803e+14  -9.393e+03  5.926e+14  2.212e+04 
-1.270e+04  6.734e+03  -2.416e-05  2.212e+04  6.265e-04 

f300x filter: 
log(z) = -2.0, log(g) = 4.5
	 Damped-oscillator fit coefficients: 
1.351e+00  9.418e-01  3.722e-04  1.797e+00  -1.604e-03 
	 Covariance matrix: 
7.613e+13  -5.307e+13  1.176e+04  -1.226e+14  -4.932e+04 
-5.307e+13  3.699e+13  -8.197e+03  8.549e+13  3.438e+04 
1.176e+04  -8.197e+03  6.397e-06  -1.894e+04  -5.033e-05 
-1.226e+14  8.549e+13  -1.894e+04  1.976e+14  7.946e+04 
-4.932e+04  3.438e+04  -5.033e-05  7.946e+04  6.591e-04 

f300x filter: 
log(z) = -2.0, log(g) = 5.0
	 Damped-oscillator fit coefficients: 
1.359e+00  8.325e-01  5.924e-04  1.862e+00  -1.312e-03 
	 Covariance matrix: 
1.731e+14  -1.060e+14  1.353e+04  -2.794e+14  -2.432e+04 
-1.060e+14  6.489e+13  -8.286e+03  1.711e+14  1.489e+04 
1.353e+04  -8.286e+03  1.128e-05  -2.184e+04  -7.253e-05 
-2.794e+14  1.711e+14  -2.184e+04  4.510e+14  3.926e+04 
-2.432e+04  1.489e+04  -7.253e-05  3.926e+04  7.333e-04 

