f218w filter: 
log(z) = -1.0, log(g) = 0.0
	 Damped-oscillator fit coefficients: 
9.941e-01  6.974e+00  -4.742e-06  9.982e-01  4.996e-01 
	 Covariance matrix: 
5.079e+07  -3.561e+08  1.523e+00  4.368e+09  -3.868e+04 
-3.561e+08  2.497e+09  -1.067e+01  -3.063e+10  2.710e+05 
1.523e+00  -1.067e+01  1.401e-07  1.310e+02  -3.577e-03 
4.368e+09  -3.063e+10  1.310e+02  3.757e+11  -3.327e+06 
-3.868e+04  2.710e+05  -3.577e-03  -3.327e+06  9.174e+01 

f218w filter: 
log(z) = -1.0, log(g) = 0.5
	 Damped-oscillator fit coefficients: 
1.000e+00  1.000e+01  -5.292e-09  9.770e+00  1.117e-01 
	 Covariance matrix: 
2.853e-09  4.761e-04  5.137e-12  1.636e-08  -1.623e-05 
4.761e-04  7.947e+01  8.575e-07  2.731e-03  -2.714e+00 
5.137e-12  8.575e-07  9.259e-15  2.947e-11  -2.949e-08 
1.636e-08  2.731e-03  2.947e-11  9.383e-08  -9.326e-05 
-1.623e-05  -2.714e+00  -2.949e-08  -9.326e-05  1.014e-01 

f218w filter: 
log(z) = -1.0, log(g) = 1.0
	 Damped-oscillator fit coefficients: 
1.000e+00  1.000e+01  -6.744e-10  9.176e+00  -2.541e-03 
	 Covariance matrix: 
9.924e-08  1.372e-02  2.009e-11  8.414e-07  -4.815e-05 
1.372e-02  1.904e+03  2.792e-06  1.168e-01  -6.829e+00 
2.009e-11  2.792e-06  4.098e-15  1.712e-10  -1.011e-08 
8.414e-07  1.168e-01  1.712e-10  7.160e-06  -4.188e-04 
-4.815e-05  -6.829e+00  -1.011e-08  -4.188e-04  2.845e-02 

f218w filter: 
log(z) = -1.0, log(g) = 1.5
	 Damped-oscillator fit coefficients: 
7.970e-01  1.063e+00  -1.556e-01  1.070e+00  5.000e-01 
	 Covariance matrix: 
6.867e+11  -9.161e+11  -2.457e+06  2.527e+12  7.570e+06 
-9.161e+11  1.222e+12  3.279e+06  -3.372e+12  -1.010e+07 
-2.457e+06  3.279e+06  5.331e+02  -9.045e+06  -1.659e+03 
2.527e+12  -3.372e+12  -9.045e+06  9.302e+12  2.786e+07 
7.570e+06  -1.010e+07  -1.659e+03  2.786e+07  5.161e+03 

f218w filter: 
log(z) = -1.0, log(g) = 2.0
	 Damped-oscillator fit coefficients: 
1.441e+00  1.560e+00  1.252e-05  1.740e+00  -5.259e-02 
	 Covariance matrix: 
3.730e+12  -4.029e+12  6.294e-01  -4.198e+12  -1.693e+05 
-4.029e+12  4.357e+12  -4.138e+00  4.527e+12  8.937e+04 
6.294e-01  -4.138e+00  5.935e-09  6.229e+00  7.535e-05 
-4.198e+12  4.527e+12  6.229e+00  4.743e+12  3.781e+05 
-1.693e+05  8.937e+04  7.535e-05  3.781e+05  2.105e+00 

f218w filter: 
log(z) = -1.0, log(g) = 2.5
	 Damped-oscillator fit coefficients: 
1.565e+00  1.625e+00  3.493e-06  1.661e+00  -3.679e-02 
	 Covariance matrix: 
4.136e+12  -4.278e+12  -7.992e+00  -3.062e+12  -8.395e+04 
-4.278e+12  4.428e+12  8.071e+00  3.161e+12  6.791e+04 
-7.992e+00  8.071e+00  1.489e-10  6.274e+00  1.028e-06 
-3.062e+12  3.161e+12  6.274e+00  2.279e+12  9.664e+04 
-8.395e+04  6.791e+04  1.028e-06  9.664e+04  1.051e-01 

f218w filter: 
log(z) = -1.0, log(g) = 3.0
	 Damped-oscillator fit coefficients: 
1.516e+00  1.702e+00  1.886e-06  1.850e+00  -2.967e-02 
	 Covariance matrix: 
4.554e+12  -5.119e+12  1.085e+01  -4.275e+12  -2.990e+02 
-5.119e+12  5.756e+12  -1.222e+01  4.805e+12  -1.011e+03 
1.085e+01  -1.222e+01  5.277e-11  -1.015e+01  -2.943e-08 
-4.275e+12  4.805e+12  -1.015e+01  4.017e+12  2.799e+03 
-2.990e+02  -1.011e+03  -2.943e-08  2.799e+03  2.642e-03 

f218w filter: 
log(z) = -1.0, log(g) = 3.5
	 Damped-oscillator fit coefficients: 
1.657e+00  8.090e-01  1.355e-06  4.701e+00  -2.539e-02 
	 Covariance matrix: 
3.418e+12  -1.669e+12  1.604e+00  -5.560e+12  3.435e+02 
-1.669e+12  8.150e+11  -7.857e-01  2.715e+12  -1.462e+02 
1.604e+00  -7.857e-01  1.297e-11  -2.594e+00  -3.909e-08 
-5.560e+12  2.715e+12  -2.594e+00  9.045e+12  -7.173e+02 
3.435e+02  -1.462e+02  -3.909e-08  -7.173e+02  3.847e-04 

f218w filter: 
log(z) = -1.0, log(g) = 4.0
	 Damped-oscillator fit coefficients: 
3.000e+00  2.074e-01  1.076e-06  1.000e+01  -2.047e-02 
	 Covariance matrix: 
2.341e+13  -1.618e+12  -3.646e+01  -9.752e+12  1.587e+04 
-1.618e+12  1.118e+11  2.520e+00  6.740e+11  -1.097e+03 
-3.646e+01  2.520e+00  6.398e-11  1.519e+01  -4.870e-08 
-9.752e+12  6.740e+11  1.519e+01  4.063e+12  -6.613e+03 
1.587e+04  -1.097e+03  -4.870e-08  -6.613e+03  3.072e-04 

f218w filter: 
log(z) = -1.0, log(g) = 4.5
	 Damped-oscillator fit coefficients: 
1.857e+00  6.154e-01  9.529e-07  5.608e+00  -1.753e-02 
	 Covariance matrix: 
8.631e+12  -2.860e+12  -1.590e+00  -1.064e+13  2.002e+03 
-2.860e+12  9.477e+11  5.267e-01  3.526e+12  -6.634e+02 
-1.590e+00  5.267e-01  5.814e-12  1.960e+00  -1.781e-08 
-1.064e+13  3.526e+12  1.960e+00  1.312e+13  -2.468e+03 
2.002e+03  -6.634e+02  -1.781e-08  -2.468e+03  2.360e-04 

f218w filter: 
log(z) = -1.0, log(g) = 5.0
	 Damped-oscillator fit coefficients: 
1.835e+00  6.849e-01  7.412e-07  5.133e+00  -1.636e-02 
	 Covariance matrix: 
2.304e+00  -1.401e+00  -1.616e-07  2.394e+00  -4.645e-03 
-1.401e+00  8.704e-01  -1.498e-07  -1.462e+00  3.783e-03 
-1.616e-07  -1.498e-07  3.480e-12  -8.955e-08  -1.340e-08 
2.394e+00  -1.462e+00  -8.955e-08  2.490e+00  -5.130e-03 
-4.645e-03  3.783e-03  -1.340e-08  -5.130e-03  2.286e-04 

f225w filter: 
log(z) = -1.0, log(g) = 0.0
	 Damped-oscillator fit coefficients: 
1.974e+00  3.193e+00  -6.466e-20  2.630e+00  5.720e-04 
	 Covariance matrix: 
4.025e-75  0.000e+00  -2.364e-57  1.692e-75  -1.692e-75 
0.000e+00  0.000e+00  -0.000e+00  0.000e+00  -0.000e+00 
-2.364e-57  -0.000e+00  1.388e-39  -9.934e-58  9.939e-58 
1.692e-75  0.000e+00  -9.934e-58  7.108e-76  -7.112e-76 
-1.692e-75  -0.000e+00  9.939e-58  -7.112e-76  7.116e-76 

f225w filter: 
log(z) = -1.0, log(g) = 0.5
	 Damped-oscillator fit coefficients: 
9.997e-01  1.000e+01  -7.668e-10  1.000e+01  -1.020e-01 
	 Covariance matrix: 
1.047e-06  2.116e-02  3.245e-11  1.022e-05  2.779e-04 
2.116e-02  4.279e+02  6.560e-07  2.067e-01  5.617e+00 
3.245e-11  6.560e-07  1.006e-15  3.169e-10  8.673e-09 
1.022e-05  2.067e-01  3.169e-10  9.984e-05  2.713e-03 
2.779e-04  5.617e+00  8.673e-09  2.713e-03  8.163e-02 

f225w filter: 
log(z) = -1.0, log(g) = 1.0
	 Damped-oscillator fit coefficients: 
1.417e+00  1.249e+00  6.647e-05  1.809e+00  -1.132e-01 
	 Covariance matrix: 
3.132e+13  -2.806e+13  1.161e+04  -3.843e+13  5.975e+07 
-2.806e+13  2.522e+13  -1.187e+04  3.420e+13  -6.511e+07 
1.161e+04  -1.187e+04  3.067e-05  -1.045e+04  2.181e-01 
-3.843e+13  3.420e+13  -1.045e+04  4.772e+13  -4.347e+07 
5.975e+07  -6.511e+07  2.181e-01  -4.347e+07  1.658e+03 

f225w filter: 
log(z) = -1.0, log(g) = 1.5
	 Damped-oscillator fit coefficients: 
1.515e+00  1.904e+00  5.792e-07  1.662e+00  -7.337e-02 
	 Covariance matrix: 
6.550e+13  -8.851e+13  4.842e+01  -4.568e+13  5.329e+06 
-8.851e+13  1.267e+14  -5.260e+01  5.059e+13  -1.362e+07 
4.842e+01  -5.260e+01  9.214e-11  -5.394e+01  -8.116e-06 
-4.568e+13  5.059e+13  -5.394e+01  4.938e+13  6.376e+06 
5.329e+06  -1.362e+07  -8.116e-06  6.376e+06  6.254e+00 

f225w filter: 
log(z) = -1.0, log(g) = 2.0
	 Damped-oscillator fit coefficients: 
9.827e-01  4.177e+00  -2.043e-04  1.111e+00  1.324e-02 
	 Covariance matrix: 
1.113e+10  -4.731e+10  9.043e+01  3.659e+11  -4.331e+03 
-4.731e+10  2.011e+11  -3.844e+02  -1.555e+12  1.841e+04 
9.043e+01  -3.844e+02  3.088e-06  2.973e+03  -2.613e-04 
3.659e+11  -1.555e+12  2.973e+03  1.203e+13  -1.424e+05 
-4.331e+03  1.841e+04  -2.613e-04  -1.424e+05  2.566e-02 

f225w filter: 
log(z) = -1.0, log(g) = 2.5
	 Damped-oscillator fit coefficients: 
9.886e-01  4.731e+00  -6.565e-05  1.235e+00  -2.517e-03 
	 Covariance matrix: 
3.106e+09  -1.486e+10  3.045e-01  1.709e+11  5.074e+02 
-1.486e+10  7.114e+10  -1.457e+00  -8.177e+11  -2.428e+03 
3.045e-01  -1.457e+00  8.906e-08  1.675e+01  -1.190e-05 
1.709e+11  -8.177e+11  1.675e+01  9.400e+12  2.791e+04 
5.074e+02  -2.428e+03  -1.190e-05  2.791e+04  2.417e-03 

f225w filter: 
log(z) = -1.0, log(g) = 3.0
	 Damped-oscillator fit coefficients: 
9.878e-01  4.718e+00  -7.470e-05  1.197e+00  2.353e-03 
	 Covariance matrix: 
5.515e+09  -2.634e+10  6.820e+00  2.756e+11  1.103e+02 
-2.634e+10  1.258e+11  -3.257e+01  -1.316e+12  -5.269e+02 
6.820e+00  -3.257e+01  6.429e-08  3.409e+02  -4.824e-06 
2.756e+11  -1.316e+12  3.409e+02  1.378e+13  5.513e+03 
1.103e+02  -5.269e+02  -4.824e-06  5.513e+03  9.269e-04 

f225w filter: 
log(z) = -1.0, log(g) = 3.5
	 Damped-oscillator fit coefficients: 
1.658e+00  2.394e+00  7.056e-10  1.901e+00  -1.751e-02 
	 Covariance matrix: 
4.944e-02  2.546e-02  -8.093e-10  1.932e-02  1.545e-03 
2.546e-02  1.311e-02  -4.168e-10  9.949e-03  7.957e-04 
-8.093e-10  -4.168e-10  1.326e-17  -3.162e-10  -2.580e-11 
1.932e-02  9.949e-03  -3.162e-10  7.547e-03  6.036e-04 
1.545e-03  7.957e-04  -2.580e-11  6.036e-04  2.708e-04 

f225w filter: 
log(z) = -1.0, log(g) = 4.0
	 Damped-oscillator fit coefficients: 
9.898e-01  4.546e+00  -1.127e-04  1.349e+00  1.148e-02 
	 Covariance matrix: 
1.233e+09  -5.665e+09  7.514e+00  8.282e+10  -6.989e+01 
-5.665e+09  2.602e+10  -3.451e+01  -3.804e+11  3.210e+02 
7.514e+00  -3.451e+01  1.142e-07  5.045e+02  -3.362e-06 
8.282e+10  -3.804e+11  5.045e+02  5.561e+12  -4.693e+03 
-6.989e+01  3.210e+02  -3.362e-06  -4.693e+03  4.322e-04 

f225w filter: 
log(z) = -1.0, log(g) = 4.5
	 Damped-oscillator fit coefficients: 
9.876e-01  4.485e+00  -1.320e-04  1.237e+00  1.484e-02 
	 Covariance matrix: 
5.228e+09  -2.374e+10  1.697e+01  2.654e+11  -5.473e+01 
-2.374e+10  1.078e+11  -7.705e+01  -1.205e+12  2.485e+02 
1.697e+01  -7.705e+01  1.327e-07  8.613e+02  -2.479e-06 
2.654e+11  -1.205e+12  8.613e+02  1.347e+13  -2.778e+03 
-5.473e+01  2.485e+02  -2.479e-06  -2.778e+03  3.022e-04 

f225w filter: 
log(z) = -1.0, log(g) = 5.0
	 Damped-oscillator fit coefficients: 
1.690e+00  2.468e+00  1.257e-10  1.977e+00  -4.001e-03 
	 Covariance matrix: 
5.250e-02  2.702e-02  -1.614e-10  2.073e-02  1.027e-03 
2.702e-02  1.391e-02  -8.308e-11  1.067e-02  5.288e-04 
-1.614e-10  -8.308e-11  4.965e-19  -6.373e-11  -3.222e-12 
2.073e-02  1.067e-02  -6.373e-11  8.184e-03  4.056e-04 
1.027e-03  5.288e-04  -3.222e-12  4.056e-04  1.750e-04 

f275w filter: 
log(z) = -1.0, log(g) = 0.0
	 Damped-oscillator fit coefficients: 
1.971e+00  3.171e+00  -1.555e-19  2.508e+00  1.011e-02 
	 Covariance matrix: 
6.356e-73  0.000e+00  -1.619e-55  2.760e-73  -6.419e-73 
0.000e+00  0.000e+00  -0.000e+00  0.000e+00  -0.000e+00 
-1.619e-55  -0.000e+00  4.126e-38  -7.033e-56  1.636e-55 
2.760e-73  0.000e+00  -7.033e-56  1.199e-73  -2.788e-73 
-6.419e-73  -0.000e+00  1.636e-55  -2.788e-73  6.482e-73 

f275w filter: 
log(z) = -1.0, log(g) = 0.5
	 Damped-oscillator fit coefficients: 
1.000e+00  1.000e+01  1.397e-10  9.640e+00  1.421e-02 
	 Covariance matrix: 
3.289e-06  5.575e-01  -1.761e-10  2.888e-05  5.453e-04 
5.575e-01  9.512e+04  -3.010e-05  4.927e+00  9.516e+01 
-1.761e-10  -3.010e-05  9.529e-15  -1.559e-09  -3.030e-08 
2.888e-05  4.927e+00  -1.559e-09  2.552e-04  4.929e-03 
5.453e-04  9.516e+01  -3.030e-08  4.929e-03  1.038e-01 

f275w filter: 
log(z) = -1.0, log(g) = 1.0
	 Damped-oscillator fit coefficients: 
9.959e-01  7.802e+00  1.598e-08  1.130e+00  1.164e-02 
	 Covariance matrix: 
5.000e-02  3.549e+01  -1.215e-06  2.020e+00  6.760e-02 
3.549e+01  2.521e+04  -8.632e-04  1.434e+03  4.829e+01 
-1.215e-06  -8.632e-04  2.959e-11  -4.912e-05  -1.667e-06 
2.020e+00  1.434e+03  -4.912e-05  8.162e+01  2.748e+00 
6.760e-02  4.829e+01  -1.667e-06  2.748e+00  1.004e-01 

f275w filter: 
log(z) = -1.0, log(g) = 1.5
	 Damped-oscillator fit coefficients: 
9.807e-01  4.037e+00  5.618e-05  9.305e-01  -1.520e-02 
	 Covariance matrix: 
5.379e+11  -2.214e+12  -8.456e+02  1.334e+13  1.115e+05 
-2.214e+12  9.113e+12  3.480e+03  -5.491e+13  -4.590e+05 
-8.456e+02  3.480e+03  8.001e-05  -2.097e+04  -9.909e-03 
1.334e+13  -5.491e+13  -2.097e+04  3.309e+14  2.766e+06 
1.115e+05  -4.590e+05  -9.909e-03  2.766e+06  1.249e+00 

f275w filter: 
log(z) = -1.0, log(g) = 2.0
	 Damped-oscillator fit coefficients: 
9.852e-01  4.305e+00  3.295e-05  9.766e-01  -1.568e-02 
	 Covariance matrix: 
3.298e+11  -1.441e+12  -1.564e+02  1.115e+13  1.482e+02 
-1.441e+12  6.296e+12  6.833e+02  -4.872e+13  -6.447e+02 
-1.564e+02  6.833e+02  1.513e-06  -5.288e+03  -1.614e-04 
1.115e+13  -4.872e+13  -5.288e+03  3.770e+14  5.009e+03 
1.482e+02  -6.447e+02  -1.614e-04  5.009e+03  2.024e-02 

f275w filter: 
log(z) = -1.0, log(g) = 2.5
	 Damped-oscillator fit coefficients: 
6.534e-01  2.877e-01  -1.412e-01  2.008e+00  3.000e-01 
	 Covariance matrix: 
5.335e+12  -2.349e+12  -2.881e+06  2.861e+13  5.921e+06 
-2.349e+12  1.034e+12  1.269e+06  -1.260e+13  -2.608e+06 
-2.881e+06  1.269e+06  2.127e+02  -1.545e+07  -4.338e+02 
2.861e+13  -1.260e+13  -1.545e+07  1.534e+14  3.175e+07 
5.921e+06  -2.608e+06  -4.338e+02  3.175e+07  8.849e+02 

f275w filter: 
log(z) = -1.0, log(g) = 3.0
	 Damped-oscillator fit coefficients: 
2.964e+00  9.224e-02  1.661e-04  1.000e+01  -7.117e-03 
	 Covariance matrix: 
6.355e+15  -1.978e+14  -7.357e+05  -2.756e+15  2.178e+06 
-1.978e+14  6.156e+12  2.290e+04  8.576e+13  -6.781e+04 
-7.357e+05  2.290e+04  8.995e-05  3.190e+05  -3.314e-04 
-2.756e+15  8.576e+13  3.190e+05  1.195e+15  -9.431e+05 
2.178e+06  -6.781e+04  -3.314e-04  -9.431e+05  3.130e-03 

f275w filter: 
log(z) = -1.0, log(g) = 3.5
	 Damped-oscillator fit coefficients: 
3.000e+00  1.034e-01  7.905e-05  1.000e+01  -4.651e-03 
	 Covariance matrix: 
2.292e+15  -7.896e+13  -1.859e+05  -9.549e+14  8.850e+05 
-7.896e+13  2.721e+12  6.404e+03  3.290e+13  -3.049e+04 
-1.859e+05  6.404e+03  1.608e-05  7.745e+04  -9.213e-05 
-9.549e+14  3.290e+13  7.745e+04  3.979e+14  -3.688e+05 
8.850e+05  -3.049e+04  -9.213e-05  -3.688e+05  1.076e-03 

f275w filter: 
log(z) = -1.0, log(g) = 4.0
	 Damped-oscillator fit coefficients: 
3.000e+00  1.118e-01  4.722e-05  1.000e+01  -2.675e-03 
	 Covariance matrix: 
1.379e+15  -5.136e+13  -7.390e+04  -5.745e+14  4.317e+05 
-5.136e+13  1.913e+12  2.753e+03  2.140e+13  -1.608e+04 
-7.390e+04  2.753e+03  4.312e-06  3.079e+04  -3.235e-05 
-5.745e+14  2.140e+13  3.079e+04  2.394e+14  -1.799e+05 
4.317e+05  -1.608e+04  -3.235e-05  -1.799e+05  6.471e-04 

f275w filter: 
log(z) = -1.0, log(g) = 4.5
	 Damped-oscillator fit coefficients: 
1.827e+00  3.622e-01  2.871e-05  5.572e+00  -1.377e-03 
	 Covariance matrix: 
1.846e+15  -3.659e+14  -1.481e+04  -2.407e+15  1.328e+05 
-3.659e+14  7.254e+13  2.936e+03  4.771e+14  -2.632e+04 
-1.481e+04  2.936e+03  2.545e-07  1.931e+04  -5.674e-06 
-2.407e+15  4.771e+14  1.931e+04  3.137e+15  -1.731e+05 
1.328e+05  -2.632e+04  -5.674e-06  -1.731e+05  3.819e-04 

f275w filter: 
log(z) = -1.0, log(g) = 5.0
	 Damped-oscillator fit coefficients: 
1.810e+00  4.126e-01  1.773e-05  5.226e+00  -7.055e-04 
	 Covariance matrix: 
6.073e+14  -1.385e+14  -3.466e+03  -7.707e+14  6.386e+04 
-1.385e+14  3.157e+13  7.902e+02  1.757e+14  -1.456e+04 
-3.466e+03  7.902e+02  7.543e-08  4.399e+03  -3.093e-06 
-7.707e+14  1.757e+14  4.399e+03  9.783e+14  -8.105e+04 
6.386e+04  -1.456e+04  -3.093e-06  -8.105e+04  3.475e-04 

f300x filter: 
log(z) = -1.0, log(g) = 0.0
	 Damped-oscillator fit coefficients: 
9.502e-01  2.073e+00  -1.470e-02  1.049e+00  3.000e-01 
	 Covariance matrix: 
1.590e+11  -3.467e+11  4.512e+06  1.809e+12  -5.228e+07 
-3.467e+11  7.559e+11  -9.820e+06  -3.944e+12  1.138e+08 
4.512e+06  -9.820e+06  7.973e+02  5.132e+07  -8.999e+03 
1.809e+12  -3.944e+12  5.132e+07  2.058e+13  -5.947e+08 
-5.228e+07  1.138e+08  -8.999e+03  -5.947e+08  1.016e+05 

f300x filter: 
log(z) = -1.0, log(g) = 0.5
	 Damped-oscillator fit coefficients: 
9.278e-01  2.377e+00  -9.739e-03  7.764e-01  3.000e-01 
	 Covariance matrix: 
2.253e+11  -5.773e+11  -3.882e+05  1.355e+12  5.287e+06 
-5.773e+11  1.479e+12  9.948e+05  -3.471e+12  -1.355e+07 
-3.882e+05  9.948e+05  3.173e+00  -2.335e+06  -4.318e+01 
1.355e+12  -3.471e+12  -2.335e+06  8.147e+12  3.180e+07 
5.287e+06  -1.355e+07  -4.318e+01  3.180e+07  5.883e+02 

f300x filter: 
log(z) = -1.0, log(g) = 1.0
	 Damped-oscillator fit coefficients: 
9.139e-01  2.364e+00  -1.031e-02  7.198e-01  3.000e-01 
	 Covariance matrix: 
5.332e+11  -1.379e+12  9.613e+03  2.548e+12  3.964e+03 
-1.379e+12  3.566e+12  -2.483e+04  -6.591e+12  -1.067e+04 
9.613e+03  -2.483e+04  7.901e-01  4.594e+04  -9.627e+00 
2.548e+12  -6.591e+12  4.594e+04  1.218e+13  1.905e+04 
3.964e+03  -1.067e+04  -9.627e+00  1.905e+04  1.176e+02 

f300x filter: 
log(z) = -1.0, log(g) = 1.5
	 Damped-oscillator fit coefficients: 
8.905e-01  2.020e+00  -1.818e-02  7.411e-01  3.000e-01 
	 Covariance matrix: 
7.491e+11  -1.699e+12  2.012e+05  3.012e+12  -1.533e+06 
-1.699e+12  3.854e+12  -4.564e+05  -6.831e+12  3.476e+06 
2.012e+05  -4.564e+05  1.633e+00  8.090e+05  -1.252e+01 
3.012e+12  -6.831e+12  8.090e+05  1.211e+13  -6.162e+06 
-1.533e+06  3.476e+06  -1.252e+01  -6.162e+06  9.612e+01 

f300x filter: 
log(z) = -1.0, log(g) = 2.0
	 Damped-oscillator fit coefficients: 
1.676e+00  2.387e+00  4.483e-11  1.958e+00  -1.191e-03 
	 Covariance matrix: 
4.503e+00  2.364e+00  -4.804e-09  1.761e+00  3.109e-02 
2.364e+00  1.241e+00  -2.522e-09  9.244e-01  1.632e-02 
-4.804e-09  -2.522e-09  5.128e-18  -1.879e-09  -3.370e-11 
1.761e+00  9.244e-01  -1.879e-09  6.886e-01  1.216e-02 
3.109e-02  1.632e-02  -3.370e-11  1.216e-02  6.459e-04 

f300x filter: 
log(z) = -1.0, log(g) = 2.5
	 Damped-oscillator fit coefficients: 
1.509e+00  1.896e+00  9.153e-08  1.759e+00  -1.162e-03 
	 Covariance matrix: 
1.893e+00  1.043e+00  -3.145e-06  6.389e-01  2.055e-02 
1.043e+00  5.746e-01  -1.733e-06  3.520e-01  1.132e-02 
-3.145e-06  -1.733e-06  5.230e-12  -1.061e-06  -3.494e-08 
6.389e-01  3.520e-01  -1.061e-06  2.156e-01  6.937e-03 
2.055e-02  1.132e-02  -3.494e-08  6.937e-03  5.683e-04 

f300x filter: 
log(z) = -1.0, log(g) = 3.0
	 Damped-oscillator fit coefficients: 
1.486e+00  1.008e+00  4.610e-06  2.939e+00  -1.933e-03 
	 Covariance matrix: 
6.613e+13  -4.488e+13  4.846e+01  -1.084e+14  1.500e+04 
-4.488e+13  3.046e+13  -3.246e+01  7.356e+13  -1.106e+04 
4.846e+01  -3.246e+01  5.146e-09  -8.126e+01  -1.907e-06 
-1.084e+14  7.356e+13  -8.126e+01  1.776e+14  -2.086e+04 
1.500e+04  -1.106e+04  -1.907e-06  -2.086e+04  2.244e-03 

f300x filter: 
log(z) = -1.0, log(g) = 3.5
	 Damped-oscillator fit coefficients: 
3.000e+00  1.204e-01  3.545e-05  1.000e+01  -2.093e-03 
	 Covariance matrix: 
1.142e+15  -4.585e+13  -3.592e+04  -4.761e+14  2.834e+05 
-4.585e+13  1.840e+12  1.441e+03  1.911e+13  -1.137e+04 
-3.592e+04  1.441e+03  1.282e-06  1.497e+04  -1.584e-05 
-4.761e+14  1.911e+13  1.497e+04  1.984e+14  -1.182e+05 
2.834e+05  -1.137e+04  -1.584e-05  -1.182e+05  6.898e-04 

f300x filter: 
log(z) = -1.0, log(g) = 4.0
	 Damped-oscillator fit coefficients: 
1.613e+00  5.235e-01  1.428e-04  3.357e+00  -2.162e-03 
	 Covariance matrix: 
1.002e+15  -3.250e+14  -6.324e+01  -1.300e+15  -4.357e+04 
-3.250e+14  1.054e+14  2.051e+01  4.217e+14  1.414e+04 
-6.324e+01  2.051e+01  1.610e-06  8.212e+01  -2.349e-05 
-1.300e+15  4.217e+14  8.212e+01  1.687e+15  5.654e+04 
-4.357e+04  1.414e+04  -2.349e-05  5.654e+04  6.325e-04 

f300x filter: 
log(z) = -1.0, log(g) = 4.5
	 Damped-oscillator fit coefficients: 
1.352e+00  7.668e-01  3.846e-04  2.170e+00  -2.134e-03 
	 Covariance matrix: 
3.994e+14  -2.265e+14  3.362e+04  -7.744e+14  -9.643e+04 
-2.265e+14  1.285e+14  -1.907e+04  4.392e+14  5.469e+04 
3.362e+04  -1.907e+04  1.229e-05  -6.519e+04  -7.342e-05 
-7.744e+14  4.392e+14  -6.519e+04  1.501e+15  1.870e+05 
-9.643e+04  5.469e+04  -7.342e-05  1.870e+05  7.332e-04 

f300x filter: 
log(z) = -1.0, log(g) = 5.0
	 Damped-oscillator fit coefficients: 
1.378e+00  6.064e-01  8.506e-04  2.234e+00  -2.393e-03 
	 Covariance matrix: 
2.748e+14  -1.209e+14  3.618e+03  -4.955e+14  8.276e+03 
-1.209e+14  5.320e+13  -1.592e+03  2.180e+14  -3.642e+03 
3.618e+03  -1.592e+03  4.158e-05  -6.525e+03  -1.786e-04 
-4.955e+14  2.180e+14  -6.525e+03  8.936e+14  -1.493e+04 
8.276e+03  -3.642e+03  -1.786e-04  -1.493e+04  1.046e-03 

