f218w filter: 
	 Damped-oscillator fit coefficients: 
-1.065e-01 
3.082e+00 
3.233e-04 
9.882e-05 
6.846e+00 
-1.961e-02 
	 Covariance matrix: 
2.940e+12  9.617e+12  2.084e+00  1.159e-01  -3.897e+03  -2.376e-02 
9.617e+12  3.146e+13  6.818e+00  3.790e-01  -1.275e+04  -7.760e-02 
2.084e+00  6.818e+00  6.338e-09  1.928e-09  -1.966e-05  -5.149e-08 
1.159e-01  3.790e-01  1.928e-09  6.055e-10  -6.018e-06  -1.611e-08 
-3.897e+03  -1.275e+04  -1.966e-05  -6.018e-06  6.138e-02  1.608e-04 
-2.376e-02  -7.760e-02  -5.149e-08  -1.611e-08  1.608e-04  8.388e-06 

f225w filter: 
	 Damped-oscillator fit coefficients: 
-3.045e-01 
3.027e+00 
3.348e-06 
9.267e-07 
1.121e+01 
-1.202e-02 
	 Covariance matrix: 
6.457e-04  -1.787e-04  8.998e-10  7.478e-10  -4.292e-04  -2.647e-05 
-1.787e-04  4.947e-05  -2.491e-10  -2.070e-10  1.188e-04  7.325e-06 
8.998e-10  -2.491e-10  2.845e-12  7.861e-13  -8.337e-07  -4.315e-10 
7.478e-10  -2.070e-10  7.861e-13  2.200e-13  -2.308e-07  -1.208e-10 
-4.292e-04  1.188e-04  -8.337e-07  -2.308e-07  2.448e-01  1.267e-04 
-2.647e-05  7.325e-06  -4.315e-10  -1.208e-10  1.267e-04  7.099e-06 

f275w filter: 
	 Damped-oscillator fit coefficients: 
-5.766e-01 
3.275e+00 
4.055e-06 
1.382e-06 
9.454e+00 
2.539e-03 
	 Covariance matrix: 
1.508e-02  -5.141e-03  -2.610e-08  6.087e-09  5.796e-03  -1.403e-04 
-5.141e-03  1.752e-03  8.896e-09  -2.075e-09  -1.976e-03  4.783e-05 
-2.610e-08  8.896e-09  6.590e-11  2.242e-11  -1.605e-05  1.083e-09 
6.087e-09  -2.075e-09  2.242e-11  7.733e-12  -5.477e-06  3.575e-10 
5.796e-03  -1.976e-03  -1.605e-05  -5.477e-06  3.921e+00  -2.647e-04 
-1.403e-04  4.783e-05  1.083e-09  3.575e-10  -2.647e-04  7.313e-06 

f300x filter: 
	 Damped-oscillator fit coefficients: 
-2.882e-01 
2.953e+00 
5.910e-03 
2.174e-03 
2.053e+00 
-6.827e-03 
	 Covariance matrix: 
7.839e+13  2.131e+14  2.937e+02  -3.738e+02  3.263e+05  9.543e+02 
2.131e+14  5.792e+14  7.982e+02  -1.016e+03  8.870e+05  2.594e+03 
2.937e+02  7.982e+02  6.615e-06  2.359e-06  -1.220e-03  -2.997e-06 
-3.738e+02  -1.016e+03  2.359e-06  1.043e-06  -4.625e-04  -1.326e-06 
3.263e+05  8.870e+05  -1.220e-03  -4.625e-04  2.398e-01  5.901e-04 
9.543e+02  2.594e+03  -2.997e-06  -1.326e-06  5.901e-04  1.582e-05 

