f218w filter: 
	 Damped-oscillator fit coefficients: 
-2.837e-01 
2.188e-04 
7.238e+00 
-1.703e-02 
	 Covariance matrix: 
5.424e-04  9.749e-08  -5.836e-04  -3.268e-05 
9.749e-08  3.968e-09  -1.815e-05  -3.137e-08 
-5.836e-04  -1.815e-05  8.339e-02  1.442e-04 
-3.268e-05  -3.137e-08  1.442e-04  8.074e-06 

f225w filter: 
	 Damped-oscillator fit coefficients: 
-4.482e-01 
1.518e-03 
5.000e+00 
-1.393e-02 
	 Covariance matrix: 
9.688e-04  6.205e-07  -5.442e-04  -5.486e-05 
6.205e-07  1.667e-07  -1.124e-04  -1.312e-07 
-5.442e-04  -1.124e-04  7.657e-02  8.933e-05 
-5.486e-05  -1.312e-07  8.933e-05  9.006e-06 

f275w filter: 
	 Damped-oscillator fit coefficients: 
-7.158e-01 
3.425e-04 
5.000e+00 
1.792e-03 
	 Covariance matrix: 
1.869e-02  -1.442e-06  5.583e-03  -2.412e-04 
-1.442e-06  1.693e-07  -5.066e-04  6.846e-08 
5.583e-03  -5.066e-04  1.529e+00  -2.067e-04 
-2.412e-04  6.846e-08  -2.067e-04  8.930e-06 

f300x filter: 
	 Damped-oscillator fit coefficients: 
-4.613e-01 
5.619e-03 
2.111e+00 
-4.121e-03 
	 Covariance matrix: 
2.354e-02  2.735e-05  -7.557e-03  -4.382e-04 
2.735e-05  7.929e-06  -1.555e-03  -1.187e-06 
-7.557e-03  -1.555e-03  3.180e-01  2.427e-04 
-4.382e-04  -1.187e-06  2.427e-04  1.408e-05 

