f218w filter: 
	 Damped-oscillator fit coefficients: 
-3.137e-01 
2.489e-01 
3.838e+00 
-2.616e-01 
3.761e+00 
-1.218e-02 
	 Covariance matrix: 
4.778e-04  3.383e-01  -5.106e-02  -3.383e-01  5.192e-02  -2.577e-05 
3.383e-01  1.540e+05  -2.334e+04  -1.540e+05  2.351e+04  -9.505e-02 
-5.106e-02  -2.334e+04  3.538e+03  2.334e+04  -3.564e+03  1.434e-02 
-3.383e-01  -1.540e+05  2.334e+04  1.540e+05  -2.351e+04  9.505e-02 
5.192e-02  2.351e+04  -3.564e+03  -2.351e+04  3.590e+03  -1.459e-02 
-2.577e-05  -9.505e-02  1.434e-02  9.505e-02  -1.459e-02  7.661e-06 

f225w filter: 
	 Damped-oscillator fit coefficients: 
-4.401e-01 
9.581e-01 
5.000e+00 
-9.635e-01 
4.992e+00 
-1.057e-02 
	 Covariance matrix: 
6.203e-04  1.283e+01  -5.018e-02  -1.283e+01  5.035e-02  -2.175e-05 
1.283e+01  2.117e+07  -8.316e+04  -2.117e+07  8.278e+04  8.419e-01 
-5.018e-02  -8.316e+04  3.268e+02  8.316e+04  -3.251e+02  -3.367e-03 
-1.283e+01  -2.117e+07  8.316e+04  2.117e+07  -8.278e+04  -8.419e-01 
5.035e-02  8.278e+04  -3.251e+02  -8.278e+04  3.238e+02  3.231e-03 
-2.175e-05  8.419e-01  -3.367e-03  -8.419e-01  3.231e-03  6.778e-06 

f275w filter: 
	 Damped-oscillator fit coefficients: 
-7.438e-01 
3.015e-01 
5.000e+00 
-3.014e-01 
4.999e+00 
2.056e-03 
	 Covariance matrix: 
1.872e-02  -5.007e+02  7.135e-01  5.007e+02  -8.531e-01  -2.159e-04 
-5.007e+02  2.256e+08  -3.357e+05  -2.256e+08  3.701e+05  1.599e+00 
7.135e-01  -3.357e+05  5.701e+02  3.357e+05  -4.802e+02  -1.127e-03 
5.007e+02  -2.256e+08  3.357e+05  2.256e+08  -3.701e+05  -1.599e+00 
-8.531e-01  3.701e+05  -4.802e+02  -3.701e+05  6.777e+02  3.879e-03 
-2.159e-04  1.599e+00  -1.127e-03  -1.599e+00  3.879e-03  8.422e-06 

f300x filter: 
	 Damped-oscillator fit coefficients: 
-4.688e-01 
3.222e-01 
1.511e+00 
-3.172e-01 
1.495e+00 
-3.952e-03 
	 Covariance matrix: 
2.296e-02  7.912e+01  -2.046e+00  -7.912e+01  2.116e+00  -4.257e-04 
7.912e+01  6.611e+08  -1.720e+07  -6.611e+08  1.755e+07  -4.987e+00 
-2.046e+00  -1.720e+07  4.478e+05  1.720e+07  -4.569e+05  1.293e-01 
-7.912e+01  -6.611e+08  1.720e+07  6.611e+08  -1.755e+07  4.987e+00 
2.116e+00  1.755e+07  -4.569e+05  -1.755e+07  4.662e+05  -1.329e-01 
-4.257e-04  -4.987e+00  1.293e-01  4.987e+00  -1.329e-01  1.384e-05 

f218w filter: 
	 Damped-oscillator fit coefficients: 
-1.066e-01 
3.082e+00 
3.233e-04 
9.883e-05 
6.846e+00 
-1.961e-02 
	 Covariance matrix: 
2.633e+12  8.614e+12  1.768e+01  3.035e+00  -3.103e+04  -3.861e+01 
8.614e+12  2.818e+13  5.785e+01  9.928e+00  -1.015e+05  -1.263e+02 
1.768e+01  5.785e+01  6.456e-09  1.948e-09  -1.986e-05  -5.175e-08 
3.035e+00  9.928e+00  1.948e-09  6.091e-10  -6.054e-06  -1.616e-08 
-3.103e+04  -1.015e+05  -1.986e-05  -6.054e-06  6.174e-02  1.612e-04 
-3.861e+01  -1.263e+02  -5.175e-08  -1.616e-08  1.612e-04  8.388e-06 

f225w filter: 
	 Damped-oscillator fit coefficients: 
-3.044e-01 
3.027e+00 
3.348e-06 
9.267e-07 
1.121e+01 
-1.202e-02 
	 Covariance matrix: 
6.459e-04  -1.788e-04  8.996e-10  7.480e-10  -4.292e-04  -2.647e-05 
-1.788e-04  4.948e-05  -2.490e-10  -2.071e-10  1.188e-04  7.325e-06 
8.996e-10  -2.490e-10  2.845e-12  7.860e-13  -8.337e-07  -4.315e-10 
7.480e-10  -2.071e-10  7.860e-13  2.200e-13  -2.308e-07  -1.208e-10 
-4.292e-04  1.188e-04  -8.337e-07  -2.308e-07  2.448e-01  1.267e-04 
-2.647e-05  7.325e-06  -4.315e-10  -1.208e-10  1.267e-04  7.099e-06 

f275w filter: 
	 Damped-oscillator fit coefficients: 
-5.767e-01 
3.275e+00 
4.055e-06 
1.382e-06 
9.454e+00 
2.539e-03 
	 Covariance matrix: 
1.508e-02  -5.141e-03  -2.610e-08  6.083e-09  5.797e-03  -1.403e-04 
-5.141e-03  1.752e-03  8.895e-09  -2.073e-09  -1.976e-03  4.783e-05 
-2.610e-08  8.895e-09  6.591e-11  2.242e-11  -1.605e-05  1.083e-09 
6.083e-09  -2.073e-09  2.242e-11  7.734e-12  -5.477e-06  3.575e-10 
5.797e-03  -1.976e-03  -1.605e-05  -5.477e-06  3.921e+00  -2.646e-04 
-1.403e-04  4.783e-05  1.083e-09  3.575e-10  -2.646e-04  7.313e-06 

f300x filter: 
	 Damped-oscillator fit coefficients: 
-2.880e-01 
2.954e+00 
5.910e-03 
2.174e-03 
2.053e+00 
-6.827e-03 
	 Covariance matrix: 
8.096e+13  2.201e+14  -4.099e+03  -7.446e+01  4.563e+04  -6.619e+02 
2.201e+14  5.983e+14  -1.114e+04  -2.024e+02  1.240e+05  -1.799e+03 
-4.099e+03  -1.114e+04  6.822e-06  2.364e-06  -1.223e-03  -2.967e-06 
-7.446e+01  -2.024e+02  2.364e-06  1.042e-06  -4.610e-04  -1.321e-06 
4.563e+04  1.240e+05  -1.223e-03  -4.610e-04  2.385e-01  5.857e-04 
-6.619e+02  -1.799e+03  -2.967e-06  -1.321e-06  5.857e-04  1.581e-05 

f218w filter: 
	 Damped-oscillator fit coefficients: 
-1.066e-01 
3.082e+00 
3.233e-04 
9.883e-05 
6.846e+00 
-1.961e-02 
	 Covariance matrix: 
2.633e+12  8.614e+12  1.768e+01  3.035e+00  -3.103e+04  -3.861e+01 
8.614e+12  2.818e+13  5.785e+01  9.928e+00  -1.015e+05  -1.263e+02 
1.768e+01  5.785e+01  6.456e-09  1.948e-09  -1.986e-05  -5.175e-08 
3.035e+00  9.928e+00  1.948e-09  6.091e-10  -6.054e-06  -1.616e-08 
-3.103e+04  -1.015e+05  -1.986e-05  -6.054e-06  6.174e-02  1.612e-04 
-3.861e+01  -1.263e+02  -5.175e-08  -1.616e-08  1.612e-04  8.388e-06 

f225w filter: 
	 Damped-oscillator fit coefficients: 
-3.044e-01 
3.027e+00 
3.348e-06 
9.267e-07 
1.121e+01 
-1.202e-02 
	 Covariance matrix: 
6.459e-04  -1.788e-04  8.996e-10  7.480e-10  -4.292e-04  -2.647e-05 
-1.788e-04  4.948e-05  -2.490e-10  -2.071e-10  1.188e-04  7.325e-06 
8.996e-10  -2.490e-10  2.845e-12  7.860e-13  -8.337e-07  -4.315e-10 
7.480e-10  -2.071e-10  7.860e-13  2.200e-13  -2.308e-07  -1.208e-10 
-4.292e-04  1.188e-04  -8.337e-07  -2.308e-07  2.448e-01  1.267e-04 
-2.647e-05  7.325e-06  -4.315e-10  -1.208e-10  1.267e-04  7.099e-06 

f275w filter: 
	 Damped-oscillator fit coefficients: 
-5.767e-01 
3.275e+00 
4.055e-06 
1.382e-06 
9.454e+00 
2.539e-03 
	 Covariance matrix: 
1.508e-02  -5.141e-03  -2.610e-08  6.083e-09  5.797e-03  -1.403e-04 
-5.141e-03  1.752e-03  8.895e-09  -2.073e-09  -1.976e-03  4.783e-05 
-2.610e-08  8.895e-09  6.591e-11  2.242e-11  -1.605e-05  1.083e-09 
6.083e-09  -2.073e-09  2.242e-11  7.734e-12  -5.477e-06  3.575e-10 
5.797e-03  -1.976e-03  -1.605e-05  -5.477e-06  3.921e+00  -2.646e-04 
-1.403e-04  4.783e-05  1.083e-09  3.575e-10  -2.646e-04  7.313e-06 

f300x filter: 
	 Damped-oscillator fit coefficients: 
-2.880e-01 
2.954e+00 
5.910e-03 
2.174e-03 
2.053e+00 
-6.827e-03 
	 Covariance matrix: 
8.096e+13  2.201e+14  -4.099e+03  -7.446e+01  4.563e+04  -6.619e+02 
2.201e+14  5.983e+14  -1.114e+04  -2.024e+02  1.240e+05  -1.799e+03 
-4.099e+03  -1.114e+04  6.822e-06  2.364e-06  -1.223e-03  -2.967e-06 
-7.446e+01  -2.024e+02  2.364e-06  1.042e-06  -4.610e-04  -1.321e-06 
4.563e+04  1.240e+05  -1.223e-03  -4.610e-04  2.385e-01  5.857e-04 
-6.619e+02  -1.799e+03  -2.967e-06  -1.321e-06  5.857e-04  1.581e-05 

