f218w filter: 
	 R1 log(g) exponential fit coefficients: 
-7.328e+00 
-1.831e-02 
-3.784e-03 
-1.340e-01 
-5.000e+00 
-1.205e-01 
3.000e+00 
1.586e-01 
9.439e-01 
	 Covariance matrix: 
4.561e+00  -1.066e-02  -1.903e-03  -8.109e-02  4.524e+00  5.441e-04  3.070e-01  -2.147e-03  -1.496e-02 
-1.066e-02  2.518e-05  4.478e-06  1.903e-04  -1.058e-02  -1.236e-06  -6.749e-04  4.032e-06  3.280e-05 
-1.903e-03  4.478e-06  1.036e-06  3.327e-05  -1.899e-03  8.675e-08  -1.068e-05  -7.512e-06  1.016e-06 
-8.109e-02  1.903e-04  3.327e-05  1.447e-03  -8.038e-02  -9.423e-06  -5.802e-03  6.674e-05  2.790e-04 
4.524e+00  -1.058e-02  -1.899e-03  -8.038e-02  4.488e+00  5.470e-04  2.954e-01  -1.498e-03  -1.442e-02 
5.441e-04  -1.236e-06  8.675e-08  -9.423e-06  5.470e-04  8.866e-06  2.328e-04  5.933e-06  8.508e-07 
3.070e-01  -6.749e-04  -1.068e-05  -5.802e-03  2.954e-01  2.328e-04  1.078e-01  -5.635e-03  -4.620e-03 
-2.147e-03  4.032e-06  -7.512e-06  6.674e-05  -1.498e-03  5.933e-06  -5.635e-03  4.543e-04  2.784e-04 
-1.496e-02  3.280e-05  1.016e-06  2.790e-04  -1.442e-02  8.508e-07  -4.620e-03  2.784e-04  2.463e-04 
	 Standard deviation: 
2.136e+00 
5.018e-03 
1.018e-03 
3.804e-02 
2.118e+00 
2.978e-03 
3.284e-01 
2.131e-02 
1.569e-02 

f225w filter: 
	 R1 log(g) exponential fit coefficients: 
4.154e-03 
1.728e-01 
-7.430e-01 
1.098e+01 
2.605e+00 
-6.681e-03 
-3.000e+00 
1.585e-01 
-1.091e+00 
	 Covariance matrix: 
2.216e-07  -1.788e-07  -5.227e-07  -9.982e-05  -3.777e-07  4.608e-07  7.928e-05  4.479e-05  -6.853e-06 
-1.788e-07  9.590e-05  1.316e-06  2.695e-04  1.602e-06  -1.684e-06  -2.319e-04  -1.649e-04  3.005e-05 
-5.227e-07  1.316e-06  5.077e-04  2.065e-04  2.268e-05  -2.753e-05  7.036e-03  -9.166e-04  2.206e-04 
-9.982e-05  2.695e-04  2.065e-04  4.565e-02  1.593e-04  -1.967e-04  -3.488e-02  -1.919e-02  2.890e-03 
-3.777e-07  1.602e-06  2.268e-05  1.593e-04  3.211e-05  -7.629e-06  -2.514e-03  -1.219e-03  3.010e-04 
4.608e-07  -1.684e-06  -2.753e-05  -1.967e-04  -7.629e-06  1.097e-05  -2.131e-03  4.405e-04  -8.511e-05 
7.928e-05  -2.319e-04  7.036e-03  -3.488e-02  -2.514e-03  -2.131e-03  1.379e+00  1.035e-01  -2.449e-02 
4.479e-05  -1.649e-04  -9.166e-04  -1.919e-02  -1.219e-03  4.405e-04  1.035e-01  6.712e-02  -1.536e-02 
-6.853e-06  3.005e-05  2.206e-04  2.890e-03  3.010e-04  -8.511e-05  -2.449e-02  -1.536e-02  1.355e-02 
	 Standard deviation: 
4.707e-04 
9.793e-03 
2.253e-02 
2.137e-01 
5.666e-03 
3.312e-03 
1.174e+00 
2.591e-01 
1.164e-01 

f275w filter: 
	 R1 log(g) exponential fit coefficients: 
-6.998e+00 
-1.389e-03 
-6.331e-05 
-7.863e-03 
-4.964e+00 
-7.461e-03 
-3.000e+00 
-6.726e+00 
-1.171e-03 
	 Covariance matrix: 
9.195e+05  -1.822e+02  -8.287e+00  -1.031e+03  9.195e+05  -4.978e-01  -1.545e+02  2.626e+02  5.829e+04 
-1.822e+02  3.609e-02  1.642e-03  2.043e-01  -1.822e+02  9.819e-05  3.055e-02  -5.171e-02  -1.123e+01 
-8.287e+00  1.642e-03  7.478e-05  9.294e-03  -8.287e+00  4.555e-06  1.378e-03  -2.377e-03  -5.295e-01 
-1.031e+03  2.043e-01  9.294e-03  1.157e+00  -1.031e+03  5.554e-04  1.730e-01  -2.923e-01  -6.287e+01 
9.195e+05  -1.822e+02  -8.287e+00  -1.031e+03  9.195e+05  -4.978e-01  -1.545e+02  2.626e+02  5.831e+04 
-4.978e-01  9.819e-05  4.555e-06  5.554e-04  -4.978e-01  1.013e-05  3.321e-04  -8.536e-03  -1.157e+01 
-1.545e+02  3.055e-02  1.378e-03  1.730e-01  -1.545e+02  3.321e-04  1.418e-01  -4.431e-01  -5.277e+02 
2.626e+02  -5.171e-02  -2.377e-03  -2.923e-01  2.626e+02  -8.536e-03  -4.431e-01  8.617e+00  1.298e+04 
5.829e+04  -1.123e+01  -5.295e-01  -6.287e+01  5.831e+04  -1.157e+01  -5.277e+02  1.298e+04  2.123e+07 
	 Standard deviation: 
9.589e+02 
1.900e-01 
8.648e-03 
1.075e+00 
9.589e+02 
3.182e-03 
3.766e-01 
2.935e+00 
4.607e+03 

f300x filter: 
	 R1 log(g) exponential fit coefficients: 
-6.946e+00 
-3.369e-03 
-4.010e-04 
-2.026e-02 
-5.000e+00 
-2.393e-02 
-3.000e+00 
-5.073e+00 
-2.274e+00 
	 Covariance matrix: 
1.698e+04  -8.193e+00  -9.670e-01  -4.924e+01  1.698e+04  -5.527e-02  -1.953e+01  1.825e+01  7.299e+00 
-8.193e+00  3.952e-03  4.665e-04  2.375e-02  -8.193e+00  2.634e-05  9.378e-03  -8.722e-03  -3.485e-03 
-9.670e-01  4.665e-04  5.516e-05  2.804e-03  -9.670e-01  3.243e-06  1.102e-03  -1.037e-03  -4.130e-04 
-4.924e+01  2.375e-02  2.804e-03  1.428e-01  -4.924e+01  1.579e-04  5.638e-02  -5.231e-02  -2.087e-02 
1.698e+04  -8.193e+00  -9.670e-01  -4.924e+01  1.698e+04  -5.528e-02  -1.953e+01  1.826e+01  7.302e+00 
-5.527e-02  2.634e-05  3.243e-06  1.579e-04  -5.528e-02  9.407e-06  7.842e-05  -1.938e-03  -9.954e-04 
-1.953e+01  9.378e-03  1.102e-03  5.638e-02  -1.953e+01  7.842e-05  7.301e-02  -1.007e-01  -5.154e-02 
1.825e+01  -8.722e-03  -1.037e-03  -5.231e-02  1.826e+01  -1.938e-03  -1.007e-01  6.754e-01  4.394e-01 
7.299e+00  -3.485e-03  -4.130e-04  -2.087e-02  7.302e+00  -9.954e-04  -5.154e-02  4.394e-01  3.430e-01 
	 Standard deviation: 
1.303e+02 
6.287e-02 
7.427e-03 
3.779e-01 
1.303e+02 
3.067e-03 
2.702e-01 
8.218e-01 
5.857e-01 

