f218w filter: 
	 R1 log(g) exponential fit coefficients: 
1.748e-01 
2.910e-01 
-1.279e+00 
1.011e+01 
2.941e+00 
	 Covariance matrix: 
2.210e-05  5.811e-09  2.138e-06  -5.412e-04  8.553e-06 
5.811e-09  2.763e-04  4.337e-07  5.966e-04  -1.171e-06 
2.138e-06  4.337e-07  1.047e-03  -1.981e-04  8.038e-06 
-5.412e-04  5.966e-04  -1.981e-04  1.532e-02  -1.903e-04 
8.553e-06  -1.171e-06  8.038e-06  -1.903e-04  9.842e-06 

f225w filter: 
	 R1 log(g) exponential fit coefficients: 
1.058e-01 
3.959e-01 
-1.768e+00 
1.128e+01 
2.605e+00 
	 Covariance matrix: 
1.838e-05  1.203e-07  2.768e-06  -7.422e-04  7.333e-06 
1.203e-07  5.126e-04  -5.664e-07  1.038e-03  -2.381e-06 
2.768e-06  -5.664e-07  2.381e-03  -1.272e-04  1.544e-05 
-7.422e-04  1.038e-03  -1.272e-04  3.345e-02  -2.720e-04 
7.333e-06  -2.381e-06  1.544e-05  -2.720e-04  9.443e-06 

f275w filter: 
	 R1 log(g) exponential fit coefficients: 
5.785e-02 
5.277e-01 
-1.514e+00 
7.376e+00 
2.052e+00 
	 Covariance matrix: 
3.489e-05  -6.302e-05  2.341e-04  -2.541e-03  1.745e-05 
-6.302e-05  1.066e-02  1.456e-03  2.593e-02  -1.203e-05 
2.341e-04  1.456e-03  3.877e-02  -2.021e-02  8.828e-05 
-2.541e-03  2.593e-02  -2.021e-02  2.560e-01  -1.133e-03 
1.745e-05  -1.203e-05  8.828e-05  -1.133e-03  1.491e-05 

f300x filter: 
	 R1 log(g) exponential fit coefficients: 
1.991e-01 
1.606e-01 
-3.155e-01 
3.251e+00 
2.027e+00 
	 Covariance matrix: 
4.431e-05  -3.202e-05  5.894e-05  -7.523e-04  2.762e-05 
-3.202e-05  2.574e-03  1.906e-04  7.316e-03  1.437e-05 
5.894e-05  1.906e-04  6.241e-03  -4.175e-03  2.482e-05 
-7.523e-04  7.316e-03  -4.175e-03  3.878e-02  -3.741e-04 
2.762e-05  1.437e-05  2.482e-05  -3.741e-04  2.351e-05 

