f218w filter: 
	 R1 log(g) exponential fit coefficients: 
-7.793e+00 
-2.374e-02 
3.879e-03 
-1.208e-01 
-5.000e+00 
	 Covariance matrix: 
1.431e+01  -4.414e-02  7.005e-03  -2.240e-01  1.431e+01 
-4.414e-02  1.363e-04  -2.161e-05  6.915e-04  -4.413e-02 
7.005e-03  -2.161e-05  3.510e-06  -1.097e-04  7.002e-03 
-2.240e-01  6.915e-04  -1.097e-04  3.509e-03  -2.239e-01 
1.431e+01  -4.413e-02  7.002e-03  -2.239e-01  1.430e+01 
	 Standard deviation: 
3.783e+00 
1.167e-02 
1.874e-03 
5.923e-02 
3.782e+00 

f225w filter: 
	 R1 log(g) exponential fit coefficients: 
-7.501e+00 
-1.689e-02 
2.942e-03 
-8.801e-02 
-5.000e+00 
	 Covariance matrix: 
4.572e+01  -1.039e-01  1.765e-02  -5.402e-01  4.572e+01 
-1.039e-01  2.363e-04  -4.011e-05  1.228e-03  -1.039e-01 
1.765e-02  -4.011e-05  6.901e-06  -2.086e-04  1.765e-02 
-5.402e-01  1.228e-03  -2.086e-04  6.385e-03  -5.401e-01 
4.572e+01  -1.039e-01  1.765e-02  -5.401e-01  4.571e+01 
	 Standard deviation: 
6.762e+00 
1.537e-02 
2.627e-03 
7.991e-02 
6.761e+00 

f275w filter: 
	 R1 log(g) exponential fit coefficients: 
-7.015e+00 
-4.402e-03 
8.325e-04 
-2.407e-02 
-5.000e+00 
	 Covariance matrix: 
6.743e+03  -4.243e+00  7.950e-01  -2.318e+01  6.743e+03 
-4.243e+00  2.670e-03  -5.003e-04  1.459e-02  -4.243e+00 
7.950e-01  -5.003e-04  9.384e-05  -2.733e-03  7.950e-01 
-2.318e+01  1.459e-02  -2.733e-03  7.970e-02  -2.318e+01 
6.743e+03  -4.243e+00  7.950e-01  -2.318e+01  6.742e+03 
	 Standard deviation: 
8.211e+01 
5.168e-02 
9.687e-03 
2.823e-01 
8.211e+01 

f300x filter: 
	 R1 log(g) exponential fit coefficients: 
-6.910e+00 
-8.251e-03 
9.843e-04 
-4.702e-02 
-5.000e+00 
	 Covariance matrix: 
3.771e+02  -4.530e-01  5.278e-02  -2.574e+00  3.771e+02 
-4.530e-01  5.442e-04  -6.340e-05  3.093e-03  -4.529e-01 
5.278e-02  -6.340e-05  7.490e-06  -3.603e-04  5.277e-02 
-2.574e+00  3.093e-03  -3.603e-04  1.757e-02  -2.574e+00 
3.771e+02  -4.529e-01  5.277e-02  -2.574e+00  3.770e+02 
	 Standard deviation: 
1.942e+01 
2.333e-02 
2.737e-03 
1.326e-01 
1.942e+01 

