f218w filter: 
	 R1 log(g) exponential fit coefficients: 
1.286e-02 
1.367e-01 
-5.768e-01 
9.341e+00 
2.940e+00 
	 Covariance matrix: 
6.140e-07  1.291e-08  3.281e-07  -9.094e-05  1.243e-06 
1.291e-08  4.882e-05  -6.267e-07  1.013e-04  -1.118e-06 
3.281e-07  -6.267e-07  1.888e-04  -7.015e-05  5.339e-06 
-9.094e-05  1.013e-04  -7.015e-05  1.383e-02  -1.745e-04 
1.243e-06  -1.118e-06  5.339e-06  -1.745e-04  9.568e-06 
	 Standard deviation: 
7.836e-04 
6.987e-03 
1.374e-02 
1.176e-01 
3.093e-03 

f225w filter: 
	 R1 log(g) exponential fit coefficients: 
5.060e-03 
1.704e-01 
-7.530e-01 
1.062e+01 
2.601e+00 
	 Covariance matrix: 
2.280e-07  -8.535e-10  3.119e-07  -8.554e-05  6.747e-07 
-8.535e-10  9.276e-05  -1.782e-06  1.881e-04  -1.730e-06 
3.119e-07  -1.782e-06  4.273e-04  -1.200e-04  9.162e-06 
-8.554e-05  1.881e-04  -1.200e-04  3.272e-02  -2.410e-04 
6.747e-07  -1.730e-06  9.162e-06  -2.410e-04  8.927e-06 
	 Standard deviation: 
4.775e-04 
9.631e-03 
2.067e-02 
1.809e-01 
2.988e-03 

f275w filter: 
	 R1 log(g) exponential fit coefficients: 
1.694e-02 
2.099e-01 
-7.024e-01 
5.426e+00 
2.054e+00 
	 Covariance matrix: 
1.290e-05  -7.529e-07  2.755e-05  -1.456e-03  9.437e-06 
-7.529e-07  1.851e-03  -4.716e-05  3.658e-03  -1.308e-05 
2.755e-05  -4.716e-05  7.647e-03  -3.389e-03  6.172e-05 
-1.456e-03  3.658e-03  -3.389e-03  1.767e-01  -9.982e-04 
9.437e-06  -1.308e-05  6.172e-05  -9.982e-04  1.456e-05 
	 Standard deviation: 
3.592e-03 
4.302e-02 
8.745e-02 
4.203e-01 
3.816e-03 

f300x filter: 
	 R1 log(g) exponential fit coefficients: 
1.011e-01 
1.088e-01 
-3.034e-01 
2.854e+00 
2.031e+00 
	 Covariance matrix: 
4.085e-05  -4.577e-07  2.087e-05  -7.096e-04  2.638e-05 
-4.577e-07  4.407e-04  6.275e-06  1.014e-03  -1.286e-06 
2.087e-05  6.275e-06  1.325e-03  -8.089e-04  1.946e-05 
-7.096e-04  1.014e-03  -8.089e-04  1.619e-02  -4.118e-04 
2.638e-05  -1.286e-06  1.946e-05  -4.118e-04  2.470e-05 
	 Standard deviation: 
6.392e-03 
2.099e-02 
3.640e-02 
1.273e-01 
4.970e-03 

