f218w filter: 
	 R1 log(g) exponential fit coefficients: 
-7.854e+00 
-1.905e-02 
5.890e-03 
-9.911e-02 
-5.000e+00 
	 Covariance matrix: 
1.965e+01  -4.915e-02  1.472e-02  -2.545e-01  1.964e+01 
-4.915e-02  1.231e-04  -3.683e-05  6.370e-04  -4.915e-02 
1.472e-02  -3.683e-05  1.112e-05  -1.907e-04  1.472e-02 
-2.545e-01  6.370e-04  -1.907e-04  3.298e-03  -2.544e-01 
1.964e+01  -4.915e-02  1.472e-02  -2.544e-01  1.964e+01 
	 Standard deviation: 
4.432e+00 
1.109e-02 
3.334e-03 
5.742e-02 
4.432e+00 

f225w filter: 
	 R1 log(g) exponential fit coefficients: 
-7.546e+00 
-1.338e-02 
4.434e-03 
-7.187e-02 
-5.000e+00 
	 Covariance matrix: 
6.517e+01  -1.183e-01  3.816e-02  -6.325e-01  6.516e+01 
-1.183e-01  2.147e-04  -6.925e-05  1.148e-03  -1.182e-01 
3.816e-02  -6.925e-05  2.244e-05  -3.705e-04  3.816e-02 
-6.325e-01  1.148e-03  -3.705e-04  6.141e-03  -6.325e-01 
6.516e+01  -1.182e-01  3.816e-02  -6.325e-01  6.516e+01 
	 Standard deviation: 
8.073e+00 
1.465e-02 
4.737e-03 
7.837e-02 
8.072e+00 

f275w filter: 
	 R1 log(g) exponential fit coefficients: 
1.538e-03 
9.887e-02 
-3.440e-01 
5.094e+00 
2.053e+00 
	 Covariance matrix: 
4.104e-07  1.131e-07  2.892e-06  -2.636e-04  1.471e-06 
1.131e-07  4.529e-04  -2.100e-05  8.044e-04  -8.204e-06 
2.892e-06  -2.100e-05  1.855e-03  -1.921e-03  3.497e-05 
-2.636e-04  8.044e-04  -1.921e-03  1.724e-01  -9.064e-04 
1.471e-06  -8.204e-06  3.497e-05  -9.064e-04  1.367e-05 
	 Standard deviation: 
6.406e-04 
2.128e-02 
4.307e-02 
4.152e-01 
3.698e-03 

f300x filter: 
	 R1 log(g) exponential fit coefficients: 
3.208e-02 
5.564e-02 
-1.552e-01 
2.576e+00 
2.031e+00 
	 Covariance matrix: 
1.429e-05  1.752e-06  6.408e-06  -4.259e-04  1.408e-05 
1.752e-06  1.008e-04  -1.310e-06  1.663e-04  -2.719e-06 
6.408e-06  -1.310e-06  2.969e-04  -2.784e-04  1.291e-05 
-4.259e-04  1.663e-04  -2.784e-04  1.358e-02  -3.916e-04 
1.408e-05  -2.719e-06  1.291e-05  -3.916e-04  2.396e-05 
	 Standard deviation: 
3.781e-03 
1.004e-02 
1.723e-02 
1.165e-01 
4.895e-03 

