f218w filter: 
	 R1 log(g) exponential fit coefficients: 
9.454e-03 
1.708e-01 
-5.691e+01 
2.933e+00 
	 Covariance matrix: 
3.967e-07  -9.763e-09  4.637e-04  9.756e-07 
-9.763e-09  5.359e-05  1.721e-02  -1.473e-06 
4.637e-04  1.721e-02  6.083e+00  5.972e-04 
9.756e-07  -1.473e-06  5.972e-04  9.380e-06 

f225w filter: 
	 R1 log(g) exponential fit coefficients: 
4.393e-03 
2.010e-01 
-5.282e+01 
2.599e+00 
	 Covariance matrix: 
1.968e-07  -2.181e-08  4.168e-04  6.428e-07 
-2.181e-08  1.061e-04  2.681e-02  -2.307e-06 
4.168e-04  2.681e-02  7.688e+00  7.082e-04 
6.428e-07  -2.307e-06  7.082e-04  9.000e-06 

f275w filter: 
	 R1 log(g) exponential fit coefficients: 
1.640e-02 
2.116e-01 
-2.442e+01 
2.053e+00 
	 Covariance matrix: 
1.285e-05  -1.252e-06  6.913e-03  9.446e-06 
-1.252e-06  2.033e-03  2.155e-01  -1.496e-05 
6.913e-03  2.155e-01  2.684e+01  3.097e-03 
9.446e-06  -1.496e-05  3.097e-03  1.460e-05 

f300x filter: 
	 R1 log(g) exponential fit coefficients: 
9.963e-02 
1.158e-01 
-2.355e+01 
2.030e+00 
	 Covariance matrix: 
4.033e-05  -8.259e-07  5.925e-03  2.582e-05 
-8.259e-07  4.525e-04  8.308e-02  -2.019e-06 
5.925e-03  8.308e-02  1.628e+01  3.063e-03 
2.582e-05  -2.019e-06  3.063e-03  2.424e-05 

f218w filter: 
	 R1 log(g) exponential fit coefficients: 
9.454e-03 
1.708e-01 
-5.691e+01 
2.933e+00 
	 Covariance matrix: 
3.967e-07  -9.763e-09  4.637e-04  9.756e-07 
-9.763e-09  5.359e-05  1.721e-02  -1.473e-06 
4.637e-04  1.721e-02  6.083e+00  5.972e-04 
9.756e-07  -1.473e-06  5.972e-04  9.380e-06 

f225w filter: 
	 R1 log(g) exponential fit coefficients: 
4.393e-03 
2.010e-01 
-5.282e+01 
2.599e+00 
	 Covariance matrix: 
1.968e-07  -2.181e-08  4.168e-04  6.428e-07 
-2.181e-08  1.061e-04  2.681e-02  -2.307e-06 
4.168e-04  2.681e-02  7.688e+00  7.082e-04 
6.428e-07  -2.307e-06  7.082e-04  9.000e-06 

f275w filter: 
	 R1 log(g) exponential fit coefficients: 
1.640e-02 
2.116e-01 
-2.442e+01 
2.053e+00 
	 Covariance matrix: 
1.285e-05  -1.252e-06  6.913e-03  9.446e-06 
-1.252e-06  2.033e-03  2.155e-01  -1.496e-05 
6.913e-03  2.155e-01  2.684e+01  3.097e-03 
9.446e-06  -1.496e-05  3.097e-03  1.460e-05 

f300x filter: 
	 R1 log(g) exponential fit coefficients: 
9.963e-02 
1.158e-01 
-2.355e+01 
2.030e+00 
	 Covariance matrix: 
4.033e-05  -8.259e-07  5.925e-03  2.582e-05 
-8.259e-07  4.525e-04  8.308e-02  -2.019e-06 
5.925e-03  8.308e-02  1.628e+01  3.063e-03 
2.582e-05  -2.019e-06  3.063e-03  2.424e-05 

