f218w filter: 
	 R1 log(g) exponential fit coefficients: 
9.052e-05 
8.908e-02 
-1.068e+02 
2.933e+00 
	 Covariance matrix: 
1.380e-10  -3.652e-10  1.630e-05  1.739e-08 
-3.652e-10  1.380e-05  1.619e-02  -8.771e-07 
1.630e-05  1.619e-02  2.104e+01  9.935e-04 
1.739e-08  -8.771e-07  9.935e-04  9.339e-06 

f225w filter: 
	 R1 log(g) exponential fit coefficients: 
2.657e-05 
1.022e-01 
-1.020e+02 
2.599e+00 
	 Covariance matrix: 
2.745e-11  -3.327e-10  9.537e-06  7.251e-09 
-3.327e-10  2.745e-05  2.677e-02  -1.310e-06 
9.537e-06  2.677e-02  2.966e+01  1.228e-03 
7.251e-09  -1.310e-06  1.228e-03  8.949e-06 

f275w filter: 
	 R1 log(g) exponential fit coefficients: 
1.539e-03 
9.987e-02 
-4.941e+01 
2.053e+00 
	 Covariance matrix: 
4.437e-07  3.390e-08  2.860e-03  1.600e-06 
3.390e-08  4.937e-04  2.350e-01  -9.361e-06 
2.860e-03  2.350e-01  1.302e+02  5.182e-03 
1.600e-06  -9.361e-06  5.182e-03  1.417e-05 

f300x filter: 
	 R1 log(g) exponential fit coefficients: 
3.051e-02 
5.854e-02 
-4.348e+01 
2.029e+00 
	 Covariance matrix: 
1.354e-05  1.597e-06  8.404e-03  1.359e-05 
1.597e-06  1.037e-04  7.410e-02  -3.050e-06 
8.404e-03  7.410e-02  5.696e+01  4.455e-03 
1.359e-05  -3.050e-06  4.455e-03  2.368e-05 

f218w filter: 
	 R1 log(g) exponential fit coefficients: 
9.052e-05 
8.908e-02 
-1.068e+02 
2.933e+00 
	 Covariance matrix: 
1.380e-10  -3.652e-10  1.630e-05  1.739e-08 
-3.652e-10  1.380e-05  1.619e-02  -8.771e-07 
1.630e-05  1.619e-02  2.104e+01  9.935e-04 
1.739e-08  -8.771e-07  9.935e-04  9.339e-06 

f225w filter: 
	 R1 log(g) exponential fit coefficients: 
2.657e-05 
1.022e-01 
-1.020e+02 
2.599e+00 
	 Covariance matrix: 
2.745e-11  -3.327e-10  9.537e-06  7.251e-09 
-3.327e-10  2.745e-05  2.677e-02  -1.310e-06 
9.537e-06  2.677e-02  2.966e+01  1.228e-03 
7.251e-09  -1.310e-06  1.228e-03  8.949e-06 

f275w filter: 
	 R1 log(g) exponential fit coefficients: 
1.539e-03 
9.987e-02 
-4.941e+01 
2.053e+00 
	 Covariance matrix: 
4.437e-07  3.390e-08  2.860e-03  1.600e-06 
3.390e-08  4.937e-04  2.350e-01  -9.361e-06 
2.860e-03  2.350e-01  1.302e+02  5.182e-03 
1.600e-06  -9.361e-06  5.182e-03  1.417e-05 

f300x filter: 
	 R1 log(g) exponential fit coefficients: 
3.051e-02 
5.854e-02 
-4.348e+01 
2.029e+00 
	 Covariance matrix: 
1.354e-05  1.597e-06  8.404e-03  1.359e-05 
1.597e-06  1.037e-04  7.410e-02  -3.050e-06 
8.404e-03  7.410e-02  5.696e+01  4.455e-03 
1.359e-05  -3.050e-06  4.455e-03  2.368e-05 

