f218w filter: 
	 R1 log(g) exponential fit coefficients: 
7.426e-02 
2.132e-01 
-9.184e-01 
9.673e+00 
2.941e+00 
	 Covariance matrix: 
8.003e-06  1.212e-07  1.009e-06  -3.275e-04  4.818e-06 
1.212e-07  1.304e-04  -9.119e-07  2.733e-04  -1.352e-06 
1.009e-06  -9.119e-07  5.016e-04  -1.030e-04  7.304e-06 
-3.275e-04  2.733e-04  -1.030e-04  1.437e-02  -1.826e-04 
4.818e-06  -1.352e-06  7.304e-06  -1.826e-04  9.710e-06 

f225w filter: 
	 R1 log(g) exponential fit coefficients: 
3.902e-02 
2.758e-01 
-1.224e+00 
1.088e+01 
2.603e+00 
	 Covariance matrix: 
5.185e-06  1.239e-07  1.186e-06  -4.025e-04  3.518e-06 
1.239e-07  2.448e-04  -3.192e-06  4.865e-04  -2.324e-06 
1.186e-06  -3.192e-06  1.134e-03  -9.852e-05  1.325e-05 
-4.025e-04  4.865e-04  -9.852e-05  3.291e-02  -2.547e-04 
3.518e-06  -2.324e-06  1.325e-05  -2.547e-04  9.145e-06 

f275w filter: 
	 R1 log(g) exponential fit coefficients: 
4.052e-02 
3.642e-01 
-1.144e+00 
6.174e+00 
2.054e+00 
	 Covariance matrix: 
3.009e-05  -1.645e-05  9.035e-05  -2.225e-03  1.622e-05 
-1.645e-05  5.094e-03  1.686e-04  1.118e-02  -1.305e-05 
9.035e-05  1.686e-04  2.051e-02  -7.798e-03  7.674e-05 
-2.225e-03  1.118e-02  -7.798e-03  1.977e-01  -1.102e-03 
1.622e-05  -1.305e-05  7.674e-05  -1.102e-03  1.542e-05 

f300x filter: 
	 R1 log(g) exponential fit coefficients: 
1.568e-01 
1.542e-01 
-3.951e-01 
3.185e+00 
2.029e+00 
	 Covariance matrix: 
4.557e-05  -1.427e-05  4.572e-05  -7.621e-04  2.858e-05 
-1.427e-05  1.260e-03  7.614e-05  3.320e-03  5.036e-06 
4.572e-05  7.614e-05  3.547e-03  -2.229e-03  2.256e-05 
-7.621e-04  3.320e-03  -2.229e-03  2.436e-02  -4.047e-04 
2.858e-05  5.036e-06  2.256e-05  -4.047e-04  2.427e-05 

