f218w filter: 
	 R1 log(g) exponential fit coefficients: 
9.453e-03 
1.708e-01 
5.693e+01 
1.000e-04 
-2.625e+01 
2.933e+00 
	 Covariance matrix: 
3.967e-07  -1.146e-08  -2.069e-02  7.994e-08  3.457e+01  9.766e-07 
-1.146e-08  5.362e-05  4.195e-01  -1.727e-06  -7.464e+02  -1.496e-06 
-2.069e-02  4.195e-01  5.218e+06  -2.061e+01  -8.919e+09  -2.742e-01 
7.994e-08  -1.727e-06  -2.061e+01  2.192e-04  3.526e+04  1.081e-06 
3.457e+01  -7.464e+02  -8.919e+09  3.526e+04  1.524e+13  4.675e+02 
9.766e-07  -1.496e-06  -2.742e-01  1.081e-06  4.675e+02  9.394e-06 

f225w filter: 
	 R1 log(g) exponential fit coefficients: 
4.393e-03 
2.010e-01 
5.283e+01 
1.000e-04 
-2.778e+01 
2.599e+00 
	 Covariance matrix: 
1.976e-07  -1.099e-08  -7.371e-02  1.491e-07  1.474e+02  6.426e-07 
-1.099e-08  1.063e-04  -9.807e-01  1.941e-06  1.918e+03  -2.310e-06 
-7.371e-02  -9.807e-01  6.463e+06  -1.311e+01  -1.299e+10  1.730e-02 
1.491e-07  1.941e-06  -1.311e+01  2.942e-04  2.643e+04  -3.772e-08 
1.474e+02  1.918e+03  -1.299e+10  2.643e+04  2.613e+13  -3.621e+01 
6.426e-07  -2.310e-06  1.730e-02  -3.772e-08  -3.621e+01  9.000e-06 

f275w filter: 
	 R1 log(g) exponential fit coefficients: 
1.640e-02 
2.116e-01 
2.444e+01 
1.000e-04 
-3.361e+01 
2.053e+00 
	 Covariance matrix: 
1.288e-05  -1.225e-06  6.796e-01  5.908e-09  -1.453e+03  9.464e-06 
-1.225e-06  2.033e-03  3.660e-01  1.503e-08  -1.231e+03  -1.494e-05 
6.796e-01  3.660e-01  1.473e+07  9.885e-01  -3.118e+10  3.989e-01 
5.908e-09  1.503e-08  9.885e-01  5.070e-03  -4.196e+02  -2.624e-09 
-1.453e+03  -1.231e+03  -3.118e+10  -4.196e+02  6.599e+13  -8.508e+02 
9.464e-06  -1.494e-05  3.989e-01  -2.624e-09  -8.508e+02  1.461e-05 

f300x filter: 
	 R1 log(g) exponential fit coefficients: 
9.963e-02 
1.158e-01 
2.358e+01 
1.000e-04 
-2.985e+01 
2.030e+00 
	 Covariance matrix: 
4.049e-05  -1.158e-06  -2.880e+00  5.482e-08  3.328e+03  2.598e-05 
-1.158e-06  4.533e-04  6.030e+00  -1.319e-07  -7.079e+03  -2.355e-06 
-2.880e+00  6.030e+00  5.291e+07  -8.278e-01  -6.127e+10  -2.910e+00 
5.482e-08  -1.319e-07  -8.278e-01  1.185e-03  1.305e+03  5.574e-08 
3.328e+03  -7.079e+03  -6.127e+10  1.305e+03  7.094e+13  3.366e+03 
2.598e-05  -2.355e-06  -2.910e+00  5.574e-08  3.366e+03  2.440e-05 

f218w filter: 
	 R1 log(g) exponential fit coefficients: 
1.286e-02 
1.367e-01 
8.233e-05 
-5.768e-01 
-1.619e+01 
2.940e+00 
	 Covariance matrix: 
6.141e-07  1.694e-08  -8.801e-01  3.297e-07  -2.084e-01  1.244e-06 
1.694e-08  4.910e-05  -6.116e+01  -5.198e-07  -1.450e+01  -1.111e-06 
-8.801e-01  -6.116e+01  1.335e+10  -2.332e+01  3.164e+09  -1.500e+00 
3.297e-07  -5.198e-07  -2.332e+01  1.888e-04  -5.533e+00  5.342e-06 
-2.084e-01  -1.450e+01  3.164e+09  -5.533e+00  7.499e+08  -3.553e-01 
1.244e-06  -1.111e-06  -1.500e+00  5.342e-06  -3.553e-01  9.568e-06 

f225w filter: 
	 R1 log(g) exponential fit coefficients: 
5.059e-03 
1.704e-01 
1.331e-05 
-7.530e-01 
-1.411e+01 
2.601e+00 
	 Covariance matrix: 
2.280e-07  9.198e-11  -7.929e-01  3.104e-07  -1.793e-01  6.748e-07 
9.198e-11  9.280e-05  -2.762e+01  -1.834e-06  -6.249e+00  -1.724e-06 
-7.929e-01  -2.762e+01  2.303e+10  4.290e+01  5.210e+09  -5.287e+00 
3.104e-07  -1.834e-06  4.290e+01  4.273e-04  9.699e+00  9.151e-06 
-1.793e-01  -6.249e+00  5.210e+09  9.699e+00  1.179e+09  -1.196e+00 
6.748e-07  -1.724e-06  -5.287e+00  9.151e-06  -1.196e+00  8.928e-06 

f275w filter: 
	 R1 log(g) exponential fit coefficients: 
1.694e-02 
2.099e-01 
2.056e-02 
-7.024e-01 
-7.719e+00 
2.054e+00 
	 Covariance matrix: 
1.290e-05  -7.715e-07  -5.827e+00  2.750e-05  -1.740e+00  9.433e-06 
-7.715e-07  1.851e-03  1.613e+02  -4.595e-05  4.820e+01  -1.298e-05 
-5.827e+00  1.613e+02  5.055e+10  3.793e+02  1.511e+10  3.078e+01 
2.750e-05  -4.595e-05  3.793e+02  7.650e-03  1.133e+02  6.195e-05 
-1.740e+00  4.820e+01  1.511e+10  1.133e+02  4.516e+09  9.202e+00 
9.433e-06  -1.298e-05  3.078e+01  6.195e-05  9.202e+00  1.458e-05 

f300x filter: 
	 R1 log(g) exponential fit coefficients: 
1.011e-01 
1.088e-01 
1.104e-04 
-3.034e-01 
-9.408e+00 
2.031e+00 
	 Covariance matrix: 
4.086e-05  -4.391e-07  1.552e+01  2.085e-05  5.566e+00  2.638e-05 
-4.391e-07  4.408e-04  1.005e+02  6.108e-06  3.603e+01  -1.304e-06 
1.552e+01  1.005e+02  8.107e+10  -1.346e+02  2.907e+10  -1.393e+01 
2.085e-05  6.108e-06  -1.346e+02  1.325e-03  -4.830e+01  1.948e-05 
5.566e+00  3.603e+01  2.907e+10  -4.830e+01  1.042e+10  -4.993e+00 
2.638e-05  -1.304e-06  -1.393e+01  1.948e-05  -4.993e+00  2.470e-05 

f218w filter: 
	 R1 log(g) exponential fit coefficients: 
1.286e-02 
1.367e-01 
6.075e+01 
-5.768e-01 
-1.796e+00 
2.940e+00 
	 Covariance matrix: 
6.141e-07  1.306e-08  -2.756e-01  3.270e-07  -6.517e-02  1.244e-06 
1.306e-08  4.905e-05  -4.515e+02  -2.587e-06  -1.070e+02  -1.101e-06 
-2.756e-01  -4.515e+02  8.710e+11  3.782e+03  2.064e+11  -3.324e+01 
3.270e-07  -2.587e-06  3.782e+03  2.052e-04  8.963e+02  5.195e-06 
-6.517e-02  -1.070e+02  2.064e+11  8.963e+02  4.892e+10  -7.878e+00 
1.244e-06  -1.101e-06  -3.324e+01  5.195e-06  -7.878e+00  9.569e-06 

f225w filter: 
	 R1 log(g) exponential fit coefficients: 
5.060e-03 
1.704e-01 
6.715e+01 
-7.530e-01 
1.082e+00 
2.601e+00 
	 Covariance matrix: 
2.280e-07  -2.645e-10  -7.117e-01  3.114e-07  -1.609e-01  6.747e-07 
-2.645e-10  9.313e-05  -4.397e+02  -2.098e-06  -9.947e+01  -1.703e-06 
-7.117e-01  -4.397e+02  5.336e+11  3.829e+02  1.207e+11  -3.352e+01 
3.114e-07  -2.098e-06  3.829e+02  4.276e-04  8.662e+01  9.138e-06 
-1.609e-01  -9.947e+01  1.207e+11  8.662e+01  2.731e+10  -7.583e+00 
6.747e-07  -1.703e-06  -3.352e+01  9.138e-06  -7.583e+00  8.929e-06 

f275w filter: 
	 R1 log(g) exponential fit coefficients: 
1.694e-02 
2.099e-01 
6.251e+01 
-7.024e-01 
1.096e+01 
2.054e+00 
	 Covariance matrix: 
1.313e-05  -7.903e-07  2.823e+03  2.858e-05  8.438e+02  9.535e-06 
-7.903e-07  1.851e-03  -4.634e+02  -4.732e-05  -1.384e+02  -1.309e-05 
2.823e+03  -4.634e+02  3.489e+13  1.279e+04  1.043e+13  1.219e+03 
2.858e-05  -4.732e-05  1.279e+04  7.652e-03  3.825e+03  6.217e-05 
8.438e+02  -1.384e+02  1.043e+13  3.825e+03  3.118e+12  3.643e+02 
9.535e-06  -1.309e-05  1.219e+03  6.217e-05  3.643e+02  1.460e-05 

f300x filter: 
	 R1 log(g) exponential fit coefficients: 
1.011e-01 
1.088e-01 
5.387e+01 
-3.034e-01 
9.906e+00 
2.031e+00 
	 Covariance matrix: 
4.164e-05  -5.776e-07  5.063e+03  2.130e-05  1.815e+03  2.717e-05 
-5.776e-07  4.407e-04  -7.768e+02  6.209e-06  -2.784e+02  -1.407e-06 
5.063e+03  -7.768e+02  3.276e+13  2.796e+03  1.175e+13  5.100e+03 
2.130e-05  6.209e-06  2.796e+03  1.325e-03  1.003e+03  1.989e-05 
1.815e+03  -2.784e+02  1.175e+13  1.003e+03  4.211e+12  1.829e+03 
2.717e-05  -1.407e-06  5.100e+03  1.989e-05  1.829e+03  2.549e-05 

f218w filter: 
	 R1 log(g) exponential fit coefficients: 
1.286e-02 
1.367e-01 
-5.768e-01 
9.341e+00 
2.940e+00 
	 Covariance matrix: 
6.140e-07  1.291e-08  3.281e-07  -9.094e-05  1.243e-06 
1.291e-08  4.882e-05  -6.267e-07  1.013e-04  -1.118e-06 
3.281e-07  -6.267e-07  1.888e-04  -7.015e-05  5.339e-06 
-9.094e-05  1.013e-04  -7.015e-05  1.383e-02  -1.745e-04 
1.243e-06  -1.118e-06  5.339e-06  -1.745e-04  9.568e-06 

f225w filter: 
	 R1 log(g) exponential fit coefficients: 
5.060e-03 
1.704e-01 
-7.530e-01 
1.062e+01 
2.601e+00 
	 Covariance matrix: 
2.280e-07  -8.535e-10  3.119e-07  -8.554e-05  6.747e-07 
-8.535e-10  9.276e-05  -1.782e-06  1.881e-04  -1.730e-06 
3.119e-07  -1.782e-06  4.273e-04  -1.200e-04  9.162e-06 
-8.554e-05  1.881e-04  -1.200e-04  3.272e-02  -2.410e-04 
6.747e-07  -1.730e-06  9.162e-06  -2.410e-04  8.927e-06 

f275w filter: 
	 R1 log(g) exponential fit coefficients: 
1.694e-02 
2.099e-01 
-7.024e-01 
5.426e+00 
2.054e+00 
	 Covariance matrix: 
1.290e-05  -7.529e-07  2.755e-05  -1.456e-03  9.437e-06 
-7.529e-07  1.851e-03  -4.716e-05  3.658e-03  -1.308e-05 
2.755e-05  -4.716e-05  7.647e-03  -3.389e-03  6.172e-05 
-1.456e-03  3.658e-03  -3.389e-03  1.767e-01  -9.982e-04 
9.437e-06  -1.308e-05  6.172e-05  -9.982e-04  1.456e-05 

f300x filter: 
	 R1 log(g) exponential fit coefficients: 
1.011e-01 
1.088e-01 
-3.034e-01 
2.854e+00 
2.031e+00 
	 Covariance matrix: 
4.085e-05  -4.577e-07  2.087e-05  -7.096e-04  2.638e-05 
-4.577e-07  4.407e-04  6.275e-06  1.014e-03  -1.286e-06 
2.087e-05  6.275e-06  1.325e-03  -8.089e-04  1.946e-05 
-7.096e-04  1.014e-03  -8.089e-04  1.619e-02  -4.118e-04 
2.638e-05  -1.286e-06  1.946e-05  -4.118e-04  2.470e-05 

