f218w filter: 
	 R2 product exponential fit coefficients: 
1.094e-02 
3.577e-03 
2.188e-01 
1.446e+01 
2.208e+00 
1.349e+01 
	 Covariance matrix: 
5.460e-06  1.145e-06  -1.117e-05  5.973e-05  8.939e-05  -1.694e-03 
1.145e-06  5.884e-03  -6.206e-07  1.189e-05  2.444e-06  -1.509e-02 
-1.117e-05  -6.206e-07  1.868e-03  9.335e-05  -6.224e-03  -2.498e-03 
5.973e-05  1.189e-05  9.335e-05  3.181e-03  -4.608e-04  -2.141e-02 
8.939e-05  2.444e-06  -6.224e-03  -4.608e-04  3.761e-02  -6.321e-03 
-1.694e-03  -1.509e-02  -2.498e-03  -2.141e-02  -6.321e-03  5.983e-01 
	 Standard deviation: 
2.337e-03 
7.671e-02 
4.322e-02 
5.640e-02 
1.939e-01 
7.735e-01 

f225w filter: 
	 R2 product exponential fit coefficients: 
6.426e-03 
-1.006e+00 
-2.539e-01 
1.347e+01 
3.643e+00 
1.367e+01 
	 Covariance matrix: 
1.766e-05  -7.339e-05  9.480e-06  -2.806e-04  1.986e-04  -1.017e-02 
-7.339e-05  1.774e-01  -9.664e-05  -3.158e-03  4.083e-03  -1.878e-01 
9.480e-06  -9.664e-05  4.486e-03  -3.137e-04  -2.596e-02  -2.708e-02 
-2.806e-04  -3.158e-03  -3.137e-04  7.763e-02  1.389e-02  2.466e-01 
1.986e-04  4.083e-03  -2.596e-02  1.389e-02  5.077e-01  2.272e-01 
-1.017e-02  -1.878e-01  -2.708e-02  2.466e-01  2.272e-01  6.753e+00 
	 Standard deviation: 
4.202e-03 
4.211e-01 
6.698e-02 
2.786e-01 
7.125e-01 
2.599e+00 

f275w filter: 
	 R2 product exponential fit coefficients: 
1.434e-10 
-5.000e+00 
5.977e+00 
1.122e+01 
1.721e-01 
6.443e-01 
	 Covariance matrix: 
1.499e-15  2.380e-06  -1.109e-05  -7.497e-08  2.250e-07  2.945e-07 
2.380e-06  5.021e+03  1.733e+03  -1.589e+02  -3.631e+01  -8.779e+00 
-1.109e-05  1.733e+03  4.062e+05  -3.717e+01  -8.218e+03  -7.677e+03 
-7.497e-08  -1.589e+02  -3.717e+01  7.776e+00  7.782e-01  6.135e-01 
2.250e-07  -3.631e+01  -8.218e+03  7.782e-01  1.725e+02  1.649e+02 
2.945e-07  -8.779e+00  -7.677e+03  6.135e-01  1.649e+02  4.183e+02 
	 Standard deviation: 
3.872e-08 
7.086e+01 
6.373e+02 
2.789e+00 
1.313e+01 
2.045e+01 

f300x filter: 
	 R2 product exponential fit coefficients: 
1.097e-04 
-4.908e+00 
1.000e+01 
1.000e+01 
-4.260e-01 
1.126e+01 
	 Covariance matrix: 
3.521e-06  2.067e-03  -3.016e-01  2.879e-04  -1.058e-02  -5.472e-03 
2.067e-03  2.439e+01  -6.734e+01  -9.342e+00  -2.601e+00  -4.193e+01 
-3.016e-01  -6.734e+01  2.661e+04  -8.612e+01  9.350e+02  2.129e+02 
2.879e-04  -9.342e+00  -8.612e+01  2.759e+01  -3.321e+00  2.331e+01 
-1.058e-02  -2.601e+00  9.350e+02  -3.321e+00  3.581e+01  8.846e+00 
-5.472e-03  -4.193e+01  2.129e+02  2.331e+01  8.846e+00  9.863e+01 
	 Standard deviation: 
1.876e-03 
4.939e+00 
1.631e+02 
5.252e+00 
5.984e+00 
9.931e+00 

