f218w filter: 
	 R2 product exponential fit coefficients: 
4.106e-02 
1.149e+00 
6.892e+00 
1.067e+01 
-1.053e+00 
-7.071e-03 
	 Covariance matrix: 
2.941e-05  5.175e-05  -6.772e-05  -6.791e-05  2.430e-03  -5.361e-06 
5.175e-05  2.149e-02  3.914e-04  4.704e-04  9.601e-02  -8.420e-06 
-6.772e-05  3.914e-04  2.186e-02  1.618e-02  -1.196e-02  2.552e-05 
-6.791e-05  4.704e-04  1.618e-02  3.049e-02  -1.074e-02  1.164e-05 
2.430e-03  9.601e-02  -1.196e-02  -1.074e-02  6.204e-01  -4.458e-04 
-5.361e-06  -8.420e-06  2.552e-05  1.164e-05  -4.458e-04  6.779e-06 
	 Standard deviation: 
5.423e-03 
1.466e-01 
1.478e-01 
1.746e-01 
7.877e-01 
2.604e-03 

f225w filter: 
	 R2 product exponential fit coefficients: 
-1.266e-02 
1.561e+00 
5.668e+00 
1.764e+01 
4.969e-01 
3.073e-04 
	 Covariance matrix: 
2.955e-05  -9.641e-05  2.276e-04  2.378e-04  -5.108e-03  -1.115e-06 
-9.641e-05  3.110e-01  1.065e-02  1.119e-02  7.547e-01  4.676e-05 
2.276e-04  1.065e-02  3.091e-01  2.813e-01  -5.107e-02  2.463e-04 
2.378e-04  1.119e-02  2.813e-01  5.445e-01  -4.812e-02  1.617e-04 
-5.108e-03  7.547e-01  -5.107e-02  -4.812e-02  2.760e+00  2.771e-04 
-1.115e-06  4.676e-05  2.463e-04  1.617e-04  2.771e-04  6.059e-06 
	 Standard deviation: 
5.436e-03 
5.577e-01 
5.559e-01 
7.379e-01 
1.661e+00 
2.461e-03 

