f218w filter: 
	 R2 product exponential fit coefficients: 
-1.000e+00 
1.000e+00 
0.000e+00 
1.000e+00 
1.000e+01 
1.000e+00 
1.000e+01 
0.000e+00 
	 Covariance matrix: 
1.762e-83  6.324e-89  -3.525e-83  9.335e-89  -5.511e-90  7.894e-85  1.579e-84  0.000e+00 
6.324e-89  2.303e-94  -1.265e-88  3.391e-94  -2.007e-95  2.861e-90  5.722e-90  0.000e+00 
-3.525e-83  -1.265e-88  7.050e-83  -1.867e-88  1.102e-89  -1.579e-84  -3.157e-84  0.000e+00 
9.335e-89  3.391e-94  -1.867e-88  5.918e-94  -2.955e-95  5.402e-90  1.080e-89  0.000e+00 
-5.511e-90  -2.007e-95  1.102e-89  -2.955e-95  1.749e-96  -2.493e-91  -4.987e-91  0.000e+00 
7.894e-85  2.861e-90  -1.579e-84  5.402e-90  -2.493e-91  5.086e-86  1.017e-85  0.000e+00 
1.579e-84  5.722e-90  -3.157e-84  1.080e-89  -4.987e-91  1.017e-85  2.034e-85  0.000e+00 
0.000e+00  0.000e+00  0.000e+00  0.000e+00  0.000e+00  0.000e+00  0.000e+00  0.000e+00 
	 Standard deviation: 
4.198e-42 
1.518e-47 
8.396e-42 
2.433e-47 
1.322e-48 
2.255e-43 
4.510e-43 
0.000e+00 

f225w filter: 
	 R2 product exponential fit coefficients: 
-1.000e+00 
1.000e+00 
0.000e+00 
1.000e+00 
1.000e+01 
1.000e+00 
1.000e+01 
0.000e+00 
	 Covariance matrix: 
5.110e-91  1.325e-94  -1.022e-90  3.884e-93  -1.155e-95  6.646e-89  1.329e-88  0.000e+00 
1.325e-94  3.369e-96  -2.704e-94  2.923e-96  -2.935e-97  1.751e-92  3.502e-92  0.000e+00 
-1.022e-90  -2.704e-94  2.044e-90  -7.772e-93  2.355e-95  -1.329e-88  -2.658e-88  0.000e+00 
3.884e-93  2.923e-96  -7.772e-93  3.067e-95  -2.547e-97  5.053e-91  1.011e-90  0.000e+00 
-1.155e-95  -2.935e-97  2.355e-95  -2.547e-97  2.556e-98  -1.525e-93  -3.051e-93  0.000e+00 
6.646e-89  1.751e-92  -1.329e-88  5.053e-91  -1.525e-93  8.642e-87  1.728e-86  0.000e+00 
1.329e-88  3.502e-92  -2.658e-88  1.011e-90  -3.051e-93  1.728e-86  3.457e-86  0.000e+00 
0.000e+00  0.000e+00  0.000e+00  0.000e+00  0.000e+00  0.000e+00  0.000e+00  0.000e+00 
	 Standard deviation: 
7.149e-46 
1.835e-48 
1.430e-45 
5.538e-48 
1.599e-49 
9.296e-44 
1.859e-43 
0.000e+00 

f275w filter: 
	 R2 product exponential fit coefficients: 
-1.000e+00 
1.000e+00 
0.000e+00 
1.000e+00 
1.000e+01 
1.000e+00 
1.000e+01 
0.000e+00 
	 Covariance matrix: 
5.110e-91  1.325e-94  -1.022e-90  3.884e-93  -1.155e-95  6.646e-89  1.329e-88  0.000e+00 
1.325e-94  3.369e-96  -2.704e-94  2.923e-96  -2.935e-97  1.751e-92  3.502e-92  0.000e+00 
-1.022e-90  -2.704e-94  2.044e-90  -7.772e-93  2.355e-95  -1.329e-88  -2.658e-88  0.000e+00 
3.884e-93  2.923e-96  -7.772e-93  3.067e-95  -2.547e-97  5.053e-91  1.011e-90  0.000e+00 
-1.155e-95  -2.935e-97  2.355e-95  -2.547e-97  2.556e-98  -1.525e-93  -3.051e-93  0.000e+00 
6.646e-89  1.751e-92  -1.329e-88  5.053e-91  -1.525e-93  8.642e-87  1.728e-86  0.000e+00 
1.329e-88  3.502e-92  -2.658e-88  1.011e-90  -3.051e-93  1.728e-86  3.457e-86  0.000e+00 
0.000e+00  0.000e+00  0.000e+00  0.000e+00  0.000e+00  0.000e+00  0.000e+00  0.000e+00 
	 Standard deviation: 
7.149e-46 
1.835e-48 
1.430e-45 
5.538e-48 
1.599e-49 
9.296e-44 
1.859e-43 
0.000e+00 

f300x filter: 
	 R2 product exponential fit coefficients: 
-1.000e+00 
1.000e+00 
0.000e+00 
1.000e+00 
1.000e+01 
1.000e+00 
1.000e+01 
0.000e+00 
	 Covariance matrix: 
5.110e-91  1.325e-94  -1.022e-90  3.884e-93  -1.155e-95  6.646e-89  1.329e-88  0.000e+00 
1.325e-94  3.369e-96  -2.704e-94  2.923e-96  -2.935e-97  1.751e-92  3.502e-92  0.000e+00 
-1.022e-90  -2.704e-94  2.044e-90  -7.772e-93  2.355e-95  -1.329e-88  -2.658e-88  0.000e+00 
3.884e-93  2.923e-96  -7.772e-93  3.067e-95  -2.547e-97  5.053e-91  1.011e-90  0.000e+00 
-1.155e-95  -2.935e-97  2.355e-95  -2.547e-97  2.556e-98  -1.525e-93  -3.051e-93  0.000e+00 
6.646e-89  1.751e-92  -1.329e-88  5.053e-91  -1.525e-93  8.642e-87  1.728e-86  0.000e+00 
1.329e-88  3.502e-92  -2.658e-88  1.011e-90  -3.051e-93  1.728e-86  3.457e-86  0.000e+00 
0.000e+00  0.000e+00  0.000e+00  0.000e+00  0.000e+00  0.000e+00  0.000e+00  0.000e+00 
	 Standard deviation: 
7.149e-46 
1.835e-48 
1.430e-45 
5.538e-48 
1.599e-49 
9.296e-44 
1.859e-43 
0.000e+00 

