f218w filter: 
	 R2 product exponential fit coefficients: 
-3.209e-06 
-2.000e+01 
-7.300e-01 
2.000e+01 
-2.951e+00 
1.707e-03 
	 Covariance matrix: 
5.227e-12  -2.393e-05  -8.904e-11  1.167e-06  4.584e-09  -1.092e-10 
-2.393e-05  1.707e+02  2.212e-04  1.859e-01  6.334e-04  -5.157e-05 
-8.904e-11  2.212e-04  1.659e-03  3.148e-04  -1.094e-06  -2.676e-05 
1.167e-06  1.859e-01  3.148e-04  7.677e-01  3.091e-03  -7.338e-05 
4.584e-09  6.334e-04  -1.094e-06  3.091e-03  4.217e-05  2.549e-07 
-1.092e-10  -5.157e-05  -2.676e-05  -7.338e-05  2.549e-07  6.238e-06 
	 Standard deviation: 
2.286e-06 
1.307e+01 
4.074e-02 
8.762e-01 
6.494e-03 
2.498e-03 

f225w filter: 
	 R2 product exponential fit coefficients: 
-4.271e-06 
2.558e+00 
-3.629e-01 
1.737e+01 
-4.475e-04 
5.205e-05 
	 Covariance matrix: 
8.042e-09  -9.269e-08  6.624e-09  7.488e-03  -1.654e+01  2.948e-09 
-9.269e-08  3.718e-02  2.120e-05  -8.850e-02  1.932e+02  4.208e-05 
6.624e-09  2.120e-05  1.567e-02  -1.040e-02  2.312e+01  2.916e-06 
7.488e-03  -8.850e-02  -1.040e-02  6.998e+03  -1.551e+07  2.738e-03 
-1.654e+01  1.932e+02  2.312e+01  -1.551e+07  3.446e+10  -6.042e+00 
2.948e-09  4.208e-05  2.916e-06  2.738e-03  -6.042e+00  5.836e-06 
	 Standard deviation: 
8.968e-05 
1.928e-01 
1.252e-01 
8.365e+01 
1.856e+05 
2.416e-03 

f275w filter: 
	 R2 product exponential fit coefficients: 
-9.244e-04 
-3.248e-01 
-2.745e+00 
8.038e-02 
1.083e+00 
4.093e-03 
	 Covariance matrix: 
1.591e-06  -4.446e-03  -1.932e-03  9.190e-05  -1.045e-04  2.675e-06 
-4.446e-03  2.018e+01  3.001e+00  -7.124e-01  4.958e-01  -1.405e-02 
-1.932e-03  3.001e+00  5.259e+00  -4.898e-01  2.574e-01  -7.016e-03 
9.190e-05  -7.124e-01  -4.898e-01  2.836e-01  -9.344e-02  2.294e-03 
-1.045e-04  4.958e-01  2.574e-01  -9.344e-02  1.867e-01  -1.205e-03 
2.675e-06  -1.405e-02  -7.016e-03  2.294e-03  -1.205e-03  3.286e-05 
	 Standard deviation: 
1.261e-03 
4.492e+00 
2.293e+00 
5.326e-01 
4.321e-01 
5.732e-03 

f300x filter: 
	 R2 product exponential fit coefficients: 
-3.118e-03 
-1.302e-01 
1.203e-01 
3.757e+00 
3.182e+00 
-4.616e-03 
	 Covariance matrix: 
2.848e-06  -1.928e-03  1.463e-04  9.160e-04  -2.558e-05  -2.501e-07 
-1.928e-03  2.429e+00  -4.934e-02  1.885e-01  9.454e-03  8.784e-04 
1.463e-04  -4.934e-02  1.165e-01  -4.580e-02  -7.839e-03  -5.771e-04 
9.160e-04  1.885e-01  -4.580e-02  1.520e+00  -2.444e-03  8.154e-04 
-2.558e-05  9.454e-03  -7.839e-03  -2.444e-03  2.673e-02  1.396e-04 
-2.501e-07  8.784e-04  -5.771e-04  8.154e-04  1.396e-04  1.027e-05 
	 Standard deviation: 
1.688e-03 
1.558e+00 
3.413e-01 
1.233e+00 
1.635e-01 
3.205e-03 

