f218w filter: 
	 R2 product exponential fit coefficients: 
-5.750e-05 
-5.000e+00 
-6.623e-01 
2.000e+01 
3.614e+00 
6.660e-04 
	 Covariance matrix: 
4.986e-10  -1.665e-05  -1.108e-09  1.686e-05  -8.389e-08  -5.197e-10 
-1.665e-05  2.320e+00  4.070e-05  1.667e-02  -7.490e-05  -8.589e-06 
-1.108e-09  4.070e-05  1.679e-03  1.238e-04  6.391e-07  -2.997e-05 
1.686e-05  1.667e-02  1.238e-04  7.722e-01  -3.926e-03  -2.614e-05 
-8.389e-08  -7.490e-05  6.391e-07  -3.926e-03  8.514e-05  -1.349e-07 
-5.197e-10  -8.589e-06  -2.997e-05  -2.614e-05  -1.349e-07  6.324e-06 
	 Standard deviation: 
2.233e-05 
1.523e+00 
4.098e-02 
8.788e-01 
9.227e-03 
2.515e-03 

f225w filter: 
	 R2 product exponential fit coefficients: 
-2.426e-05 
2.558e+00 
-3.629e-01 
1.737e+01 
-9.281e-04 
5.205e-05 
	 Covariance matrix: 
1.073e-07  -1.959e-07  1.298e-07  2.195e-02  -2.910e+01  1.085e-08 
-1.959e-07  3.718e-02  2.102e-05  -4.293e-02  5.534e+01  4.210e-05 
1.298e-07  2.102e-05  1.567e-02  6.043e-03  -8.073e+00  2.923e-06 
2.195e-02  -4.293e-02  6.043e-03  4.518e+03  -6.020e+06  2.217e-03 
-2.910e+01  5.534e+01  -8.073e+00  -6.020e+06  8.055e+09  -2.941e+00 
1.085e-08  4.210e-05  2.923e-06  2.217e-03  -2.941e+00  5.836e-06 
	 Standard deviation: 
3.275e-04 
1.928e-01 
1.252e-01 
6.722e+01 
8.975e+04 
2.416e-03 

f275w filter: 
	 R2 product exponential fit coefficients: 
-9.560e-04 
-8.261e-02 
-2.701e+00 
5.637e-02 
1.019e+00 
3.778e-03 
	 Covariance matrix: 
1.633e-06  -4.030e-03  -1.964e-03  7.041e-05  -1.098e-04  2.586e-06 
-4.030e-03  1.735e+01  2.917e+00  -7.189e-01  5.640e-01  -1.401e-02 
-1.964e-03  2.917e+00  5.224e+00  -4.743e-01  2.889e-01  -7.034e-03 
7.041e-05  -7.189e-01  -4.743e-01  2.658e-01  -1.010e-01  2.278e-03 
-1.098e-04  5.640e-01  2.889e-01  -1.010e-01  1.908e-01  -1.387e-03 
2.586e-06  -1.401e-02  -7.034e-03  2.278e-03  -1.387e-03  3.378e-05 
	 Standard deviation: 
1.278e-03 
4.165e+00 
2.286e+00 
5.155e-01 
4.368e-01 
5.812e-03 

f300x filter: 
	 R2 product exponential fit coefficients: 
-4.214e-03 
4.191e-03 
1.451e-01 
3.397e+00 
3.983e+00 
-4.305e-03 
	 Covariance matrix: 
4.568e-06  -2.414e-03  2.352e-04  9.856e-04  -6.077e-05  -6.499e-07 
-2.414e-03  2.112e+00  -4.351e-02  1.478e-01  1.557e-02  7.944e-04 
2.352e-04  -4.351e-02  1.217e-01  -3.490e-02  -1.212e-02  -5.216e-04 
9.856e-04  1.478e-01  -3.490e-02  1.906e+00  -1.984e-02  6.371e-04 
-6.077e-05  1.557e-02  -1.212e-02  -1.984e-02  7.027e-02  2.214e-04 
-6.499e-07  7.944e-04  -5.216e-04  6.371e-04  2.214e-04  9.522e-06 
	 Standard deviation: 
2.137e-03 
1.453e+00 
3.489e-01 
1.381e+00 
2.651e-01 
3.086e-03 

