f218w filter: 
	 R2 product exponential fit coefficients: 
-3.290e-02 
-2.704e-02 
3.818e-03 
1.662e+01 
2.233e+00 
1.204e+01 
	 Covariance matrix: 
1.538e-06  1.104e-06  -4.406e-07  3.453e-04  -1.601e-05  -9.589e-06 
1.104e-06  8.829e-07  -1.508e-07  2.609e-04  -1.024e-05  -8.278e-06 
-4.406e-07  -1.508e-07  5.362e-07  -8.317e-05  7.745e-06  3.723e-07 
3.453e-04  2.609e-04  -8.317e-05  8.296e-02  -4.432e-03  -2.758e-03 
-1.601e-05  -1.024e-05  7.745e-06  -4.432e-03  6.854e-04  2.260e-04 
-9.589e-06  -8.278e-06  3.723e-07  -2.758e-03  2.260e-04  2.368e-04 
	 Standard deviation: 
1.240e-03 
9.396e-04 
7.322e-04 
2.880e-01 
2.618e-02 
1.539e-02 

f225w filter: 
	 R2 product exponential fit coefficients: 
1.070e-03 
-4.595e-03 
-1.197e-02 
2.000e+01 
6.056e+00 
1.327e+01 
	 Covariance matrix: 
2.145e-08  -6.029e-08  -1.654e-07  -9.482e-05  2.722e-06  1.824e-06 
-6.029e-08  2.599e-07  6.780e-07  4.017e-04  -8.036e-06  -7.755e-06 
-1.654e-07  6.780e-07  1.786e-06  1.048e-03  -2.017e-05  -1.914e-05 
-9.482e-05  4.017e-04  1.048e-03  6.445e-01  -4.112e-02  -2.072e-02 
2.722e-06  -8.036e-06  -2.017e-05  -4.112e-02  5.217e-02  1.506e-02 
1.824e-06  -7.755e-06  -1.914e-05  -2.072e-02  1.506e-02  1.121e-02 
	 Standard deviation: 
1.465e-04 
5.098e-04 
1.336e-03 
8.028e-01 
2.284e-01 
1.059e-01 

f275w filter: 
	 R2 product exponential fit coefficients: 
8.335e-03 
2.628e-03 
-4.652e-03 
2.000e+01 
9.433e-01 
1.179e+01 
	 Covariance matrix: 
3.244e-06  9.702e-07  -1.996e-06  -3.110e-03  5.895e-05  8.834e-05 
9.702e-07  3.286e-07  -5.155e-07  -9.527e-04  1.796e-05  2.786e-05 
-1.996e-06  -5.155e-07  1.540e-06  1.926e-03  -4.534e-05  -4.897e-05 
-3.110e-03  -9.527e-04  1.926e-03  3.084e+00  -6.943e-02  -9.195e-02 
5.895e-05  1.796e-05  -4.534e-05  -6.943e-02  5.775e-03  2.418e-03 
8.834e-05  2.786e-05  -4.897e-05  -9.195e-02  2.418e-03  5.062e-03 
	 Standard deviation: 
1.801e-03 
5.733e-04 
1.241e-03 
1.756e+00 
7.600e-02 
7.115e-02 

f300x filter: 
	 R2 product exponential fit coefficients: 
1.545e-03 
7.169e-04 
1.849e-03 
2.000e+01 
1.665e+00 
-3.261e+00 
	 Covariance matrix: 
7.435e-07  3.480e-07  8.674e-07  -5.493e-03  1.301e-03  4.098e-03 
3.480e-07  1.681e-07  4.197e-07  -2.608e-03  5.996e-04  1.921e-03 
8.674e-07  4.197e-07  1.055e-06  -6.485e-03  1.486e-03  4.750e-03 
-5.493e-03  -2.608e-03  -6.485e-03  4.346e+01  -1.118e+01  -3.542e+01 
1.301e-03  5.996e-04  1.486e-03  -1.118e+01  3.550e+00  1.076e+01 
4.098e-03  1.921e-03  4.750e-03  -3.542e+01  1.076e+01  3.338e+01 
	 Standard deviation: 
8.623e-04 
4.100e-04 
1.027e-03 
6.592e+00 
1.884e+00 
5.777e+00 

