f218w filter: 
	 R2 product exponential fit coefficients: 
-3.018e-03 
-9.931e-04 
-2.008e-03 
2.000e+01 
1.726e+00 
1.000e+01 
	 Covariance matrix: 
1.236e-07  4.101e-08  8.312e-08  1.589e-04  7.362e-06  1.346e-05 
4.101e-08  1.376e-08  2.790e-08  5.298e-05  2.486e-06  4.539e-06 
8.312e-08  2.790e-08  5.678e-08  1.072e-04  5.090e-06  9.322e-06 
1.589e-04  5.298e-05  1.072e-04  2.084e-01  7.544e-03  1.343e-02 
7.362e-06  2.486e-06  5.090e-06  7.544e-03  1.812e-03  3.458e-03 
1.346e-05  4.539e-06  9.322e-06  1.343e-02  3.458e-03  6.740e-03 
	 Standard deviation: 
3.516e-04 
1.173e-04 
2.383e-04 
4.565e-01 
4.256e-02 
8.210e-02 

f225w filter: 
	 R2 product exponential fit coefficients: 
1.729e-04 
-4.792e-04 
-1.299e-03 
2.000e+01 
5.392e+00 
1.000e+01 
	 Covariance matrix: 
1.340e-09  -3.509e-09  -9.573e-09  -3.030e-05  -1.123e-06  -9.704e-07 
-3.509e-09  9.854e-09  2.673e-08  8.471e-05  3.598e-06  2.991e-06 
-9.573e-09  2.673e-08  7.266e-08  2.299e-04  9.862e-06  8.215e-06 
-3.030e-05  8.471e-05  2.299e-04  7.317e-01  2.867e-02  2.338e-02 
-1.123e-06  3.598e-06  9.862e-06  2.867e-02  2.326e-02  1.590e-02 
-9.704e-07  2.991e-06  8.215e-06  2.338e-02  1.590e-02  1.734e-02 
	 Standard deviation: 
3.660e-05 
9.927e-05 
2.695e-04 
8.554e-01 
1.525e-01 
1.317e-01 

f275w filter: 
	 R2 product exponential fit coefficients: 
1.929e-03 
5.945e-04 
-1.166e-03 
2.000e+01 
3.102e-01 
6.735e+00 
	 Covariance matrix: 
5.315e-07  1.595e-07  -3.393e-07  -1.229e-03  7.402e-06  1.175e-05 
1.595e-07  4.994e-08  -9.742e-08  -3.717e-04  2.210e-06  3.621e-06 
-3.393e-07  -9.742e-08  2.334e-07  7.861e-04  -5.479e-06  -7.069e-06 
-1.229e-03  -3.717e-04  7.861e-04  2.872e+00  -1.925e-02  -2.811e-02 
7.402e-06  2.210e-06  -5.479e-06  -1.925e-02  6.216e-04  2.068e-04 
1.175e-05  3.621e-06  -7.069e-06  -2.811e-02  2.068e-04  5.195e-04 
	 Standard deviation: 
7.290e-04 
2.235e-04 
4.831e-04 
1.695e+00 
2.493e-02 
2.279e-02 

f300x filter: 
	 R2 product exponential fit coefficients: 
-1.228e-02 
-5.612e-03 
-1.447e-02 
3.782e+00 
1.141e+00 
1.096e+01 
	 Covariance matrix: 
1.372e-05  6.068e-06  1.563e-05  3.988e-03  3.547e-04  1.019e-03 
6.068e-06  2.947e-06  7.591e-06  1.847e-03  2.077e-04  5.221e-04 
1.563e-05  7.591e-06  1.987e-05  4.758e-03  5.196e-04  1.343e-03 
3.988e-03  1.847e-03  4.758e-03  1.323e+00  6.402e-02  1.473e-01 
3.547e-04  2.077e-04  5.196e-04  6.402e-02  7.420e-02  1.628e-01 
1.019e-03  5.221e-04  1.343e-03  1.473e-01  1.628e-01  4.119e-01 
	 Standard deviation: 
3.704e-03 
1.717e-03 
4.458e-03 
1.150e+00 
2.724e-01 
6.418e-01 

