f218w filter: 
	 R2 product exponential fit coefficients: 
1.438e-02 
-1.227e-02 
-4.213e-02 
7.622e+00 
5.871e+00 
1.228e+01 
	 Covariance matrix: 
1.629e-06  -1.384e-06  -4.759e-06  -3.414e-04  3.949e-06  3.215e-06 
-1.384e-06  1.214e-06  4.105e-06  2.927e-04  -4.268e-06  -2.588e-06 
-4.759e-06  4.105e-06  1.402e-05  1.003e-03  -1.377e-05  -8.956e-06 
-3.414e-04  2.927e-04  1.003e-03  7.219e-02  -1.064e-03  -6.438e-04 
3.949e-06  -4.268e-06  -1.377e-05  -1.064e-03  7.897e-04  -1.571e-04 
3.215e-06  -2.588e-06  -8.956e-06  -6.438e-04  -1.571e-04  1.742e-04 
	 Standard deviation: 
1.276e-03 
1.102e-03 
3.744e-03 
2.687e-01 
2.810e-02 
1.320e-02 

f225w filter: 
	 R2 product exponential fit coefficients: 
-5.727e-07 
5.052e-06 
7.313e-06 
3.028e+01 
2.572e+00 
1.496e+01 
	 Covariance matrix: 
5.976e-14  -5.090e-13  -7.387e-13  2.982e-07  -9.548e-09  -4.707e-09 
-5.090e-13  4.478e-12  6.484e-12  -2.618e-06  8.024e-08  3.922e-08 
-7.387e-13  6.484e-12  9.393e-12  -3.791e-06  1.161e-07  5.658e-08 
2.982e-07  -2.618e-06  -3.791e-06  1.538e+00  -5.546e-02  -2.685e-02 
-9.548e-09  8.024e-08  1.161e-07  -5.546e-02  1.579e-02  6.943e-03 
-4.707e-09  3.922e-08  5.658e-08  -2.685e-02  6.943e-03  4.791e-03 
	 Standard deviation: 
2.444e-07 
2.116e-06 
3.065e-06 
1.240e+00 
1.257e-01 
6.922e-02 

f275w filter: 
	 R2 product exponential fit coefficients: 
1.397e-04 
9.825e-06 
-2.132e-04 
2.000e+01 
1.000e+00 
4.634e+00 
	 Covariance matrix: 
9.890e-09  6.909e-10  -1.509e-08  -2.106e-04  1.155e-06  6.962e-07 
6.909e-10  7.062e-11  -1.022e-09  -1.473e-05  7.167e-08  5.319e-08 
-1.509e-08  -1.022e-09  2.308e-08  3.214e-04  -1.793e-06  -1.044e-06 
-2.106e-04  -1.473e-05  3.214e-04  4.537e+00  -4.284e-02  -1.495e-02 
1.155e-06  7.167e-08  -1.793e-06  -4.284e-02  8.333e-03  -2.379e-04 
6.962e-07  5.319e-08  -1.044e-06  -1.495e-02  -2.379e-04  4.429e-04 
	 Standard deviation: 
9.945e-05 
8.403e-06 
1.519e-04 
2.130e+00 
9.129e-02 
2.104e-02 

f300x filter: 
	 R2 product exponential fit coefficients: 
-9.476e-03 
-1.133e-02 
-1.659e-02 
3.303e+00 
1.000e+00 
8.059e+00 
	 Covariance matrix: 
1.113e-05  1.289e-05  1.895e-05  3.090e-03  2.792e-04  7.381e-04 
1.289e-05  1.590e-05  2.337e-05  3.727e-03  3.796e-04  9.110e-04 
1.895e-05  2.337e-05  3.452e-05  5.462e-03  5.626e-04  1.370e-03 
3.090e-03  3.727e-03  5.462e-03  9.612e-01  3.828e-02  8.169e-02 
2.792e-04  3.796e-04  5.626e-04  3.828e-02  6.071e-02  1.375e-01 
7.381e-04  9.110e-04  1.370e-03  8.169e-02  1.375e-01  3.397e-01 
	 Standard deviation: 
3.336e-03 
3.987e-03 
5.875e-03 
9.804e-01 
2.464e-01 
5.829e-01 

