f218w filter: 
	 R2 product exponential fit coefficients: 
-2.214e-06 
-7.261e-06 
1.503e-07 
1.578e+01 
1.076e+01 
	 Covariance matrix: 
1.379e-12  4.415e-12  -1.720e-13  8.934e-07  -9.949e-09 
4.415e-12  1.455e-11  -2.526e-13  2.927e-06  -3.260e-08 
-1.720e-13  -2.526e-13  3.142e-13  -6.190e-08  6.888e-10 
8.934e-07  2.927e-06  -6.190e-08  5.924e-01  -6.705e-03 
-9.949e-09  -3.260e-08  6.888e-10  -6.705e-03  2.940e-04 
	 Standard deviation: 
1.174e-06 
3.814e-06 
5.605e-07 
7.697e-01 
1.715e-02 

f225w filter: 
	 R2 product exponential fit coefficients: 
-1.633e-03 
-2.131e-03 
5.192e-03 
2.475e+00 
9.562e+00 
	 Covariance matrix: 
2.861e-06  3.156e-06  -8.583e-06  2.463e-03  2.064e-04 
3.156e-06  5.458e-06  -9.092e-06  3.278e-03  2.740e-04 
-8.583e-06  -9.092e-06  2.763e-05  -7.711e-03  -6.528e-04 
2.463e-03  3.278e-03  -7.711e-03  2.571e+00  2.798e-01 
2.064e-04  2.740e-04  -6.528e-04  2.798e-01  3.553e-01 
	 Standard deviation: 
1.691e-03 
2.336e-03 
5.257e-03 
1.603e+00 
5.960e-01 

f275w filter: 
	 R2 product exponential fit coefficients: 
1.852e-08 
3.381e-08 
1.613e-08 
2.000e+01 
1.076e+01 
	 Covariance matrix: 
7.156e-15  1.289e-14  5.913e-15  -5.474e-07  5.699e-09 
1.289e-14  2.374e-14  1.134e-14  -9.983e-07  1.039e-08 
5.913e-15  1.134e-14  6.201e-15  -4.753e-07  4.950e-09 
-5.474e-07  -9.983e-07  -4.753e-07  4.242e+01  -4.528e-01 
5.699e-09  1.039e-08  4.950e-09  -4.528e-01  1.297e-02 
	 Standard deviation: 
8.459e-08 
1.541e-07 
7.875e-08 
6.513e+00 
1.139e-01 

f300x filter: 
	 R2 product exponential fit coefficients: 
-6.635e-04 
-1.560e-03 
9.545e-04 
3.934e+00 
1.200e+01 
	 Covariance matrix: 
1.061e-06  2.225e-06  -1.605e-06  2.245e-03  -1.136e-04 
2.225e-06  5.464e-06  -2.976e-06  5.237e-03  -2.678e-04 
-1.605e-06  -2.976e-06  2.880e-06  -3.175e-03  1.622e-04 
2.245e-03  5.237e-03  -3.175e-03  5.314e+00  -3.443e-01 
-1.136e-04  -2.678e-04  1.622e-04  -3.443e-01  1.943e-01 
	 Standard deviation: 
1.030e-03 
2.338e-03 
1.697e-03 
2.305e+00 
4.408e-01 

