f218w filter: 
	 R2 product exponential fit coefficients: 
-1.243e-02 
1.872e+00 
-1.036e-01 
5.000e+00 
-5.878e-03 
	 Covariance matrix: 
4.407e-06  -3.622e-05  1.982e-05  1.123e-03  6.761e-07 
-3.622e-05  1.074e-02  -4.651e-04  -1.477e-03  6.885e-05 
1.982e-05  -4.651e-04  4.807e-03  -1.788e-03  -4.681e-05 
1.123e-03  -1.477e-03  -1.788e-03  3.375e-01  2.647e-04 
6.761e-07  6.885e-05  -4.681e-05  2.647e-04  6.928e-06 
	 Standard deviation: 
2.099e-03 
1.036e-01 
6.934e-02 
5.810e-01 
2.632e-03 

f225w filter: 
	 R2 product exponential fit coefficients: 
-5.732e-03 
2.491e+00 
-3.514e-01 
5.000e+00 
-3.119e-04 
	 Covariance matrix: 
6.989e-06  -4.755e-05  3.174e-05  4.036e-03  3.251e-07 
-4.755e-05  4.900e-02  -3.251e-04  -2.611e-02  8.513e-05 
3.174e-05  -3.251e-04  2.105e-02  -8.255e-04  -2.286e-05 
4.036e-03  -2.611e-02  -8.255e-04  2.587e+00  2.162e-04 
3.251e-07  8.513e-05  -2.286e-05  2.162e-04  5.987e-06 
	 Standard deviation: 
2.644e-03 
2.214e-01 
1.451e-01 
1.608e+00 
2.447e-03 

f275w filter: 
	 R2 product exponential fit coefficients: 
-8.480e-04 
-1.252e+00 
-3.000e+00 
5.113e-01 
7.198e-03 
	 Covariance matrix: 
2.234e-06  -9.370e-03  -5.302e-03  -1.130e-03  1.499e-05 
-9.370e-03  4.840e+01  2.074e+01  5.506e+00  -7.495e-02 
-5.302e-03  2.074e+01  1.755e+01  3.409e+00  -4.985e-02 
-1.130e-03  5.506e+00  3.409e+00  1.135e+00  -1.232e-02 
1.499e-05  -7.495e-02  -4.985e-02  -1.232e-02  1.802e-04 
	 Standard deviation: 
1.495e-03 
6.957e+00 
4.190e+00 
1.065e+00 
1.342e-02 

f300x filter: 
	 R2 product exponential fit coefficients: 
-4.252e-03 
9.475e-01 
1.057e-02 
4.401e-01 
-4.981e-03 
	 Covariance matrix: 
4.332e-06  -1.985e-03  6.204e-04  -2.567e-04  -4.786e-06 
-1.985e-03  1.355e+00  -2.629e-01  8.412e-02  2.945e-03 
6.204e-04  -2.629e-01  3.128e-01  -5.928e-02  -2.442e-03 
-2.567e-04  8.412e-02  -5.928e-02  1.418e-01  6.641e-04 
-4.786e-06  2.945e-03  -2.442e-03  6.641e-04  2.736e-05 
	 Standard deviation: 
2.081e-03 
1.164e+00 
5.593e-01 
3.765e-01 
5.231e-03 

