f218w filter: 
	 R2 product exponential fit coefficients: 
-9.238e-04 
-6.570e-04 
-7.789e-04 
2.500e+01 
1.689e+00 
1.000e+01 
	 Covariance matrix: 
1.631e-08  1.165e-08  1.386e-08  6.781e-05  3.100e-06  5.934e-06 
1.165e-08  8.397e-09  9.993e-09  4.862e-05  2.240e-06  4.275e-06 
1.386e-08  9.993e-09  1.191e-08  5.776e-05  2.690e-06  5.146e-06 
6.781e-05  4.862e-05  5.776e-05  2.868e-01  1.052e-02  1.974e-02 
3.100e-06  2.240e-06  2.690e-06  1.052e-02  2.241e-03  4.418e-03 
5.934e-06  4.275e-06  5.146e-06  1.974e-02  4.418e-03  8.863e-03 
	 Standard deviation: 
1.277e-04 
9.164e-05 
1.091e-04 
5.356e-01 
4.734e-02 
9.414e-02 

f225w filter: 
	 R2 product exponential fit coefficients: 
3.293e-05 
-1.990e-04 
-2.983e-04 
2.684e+01 
5.177e+00 
1.000e+01 
	 Covariance matrix: 
8.387e-11  -4.926e-10  -7.408e-10  -1.012e-05  -3.699e-07  -3.000e-07 
-4.926e-10  3.014e-09  4.521e-09  6.165e-05  2.583e-06  2.065e-06 
-7.408e-10  4.521e-09  6.785e-09  9.248e-05  3.886e-06  3.114e-06 
-1.012e-05  6.165e-05  9.248e-05  1.266e+00  4.728e-02  3.758e-02 
-3.699e-07  2.583e-06  3.886e-06  4.728e-02  3.982e-02  2.776e-02 
-3.000e-07  2.065e-06  3.114e-06  3.758e-02  2.776e-02  2.744e-02 
	 Standard deviation: 
9.158e-06 
5.490e-05 
8.237e-05 
1.125e+00 
1.996e-01 
1.656e-01 

f275w filter: 
	 R2 product exponential fit coefficients: 
1.921e-03 
1.084e-03 
-1.157e-03 
2.000e+01 
3.633e-01 
6.697e+00 
	 Covariance matrix: 
5.279e-07  2.890e-07  -3.377e-07  -1.230e-03  9.111e-06  1.101e-05 
2.890e-07  1.685e-07  -1.705e-07  -6.768e-04  4.738e-06  6.258e-06 
-3.377e-07  -1.705e-07  2.424e-07  7.884e-04  -7.172e-06  -6.455e-06 
-1.230e-03  -6.768e-04  7.884e-04  2.893e+00  -2.394e-02  -2.634e-02 
9.111e-06  4.738e-06  -7.172e-06  -2.394e-02  8.953e-04  1.805e-04 
1.101e-05  6.258e-06  -6.455e-06  -2.634e-02  1.805e-04  4.883e-04 
	 Standard deviation: 
7.266e-04 
4.104e-04 
4.923e-04 
1.701e+00 
2.992e-02 
2.210e-02 

f300x filter: 
	 R2 product exponential fit coefficients: 
-1.147e-02 
-1.405e-02 
-2.056e-02 
3.802e+00 
1.234e+00 
1.134e+01 
	 Covariance matrix: 
1.299e-05  1.533e-05  2.248e-05  4.079e-03  4.094e-04  1.162e-03 
1.533e-05  1.959e-05  2.875e-05  5.037e-03  6.074e-04  1.533e-03 
2.248e-05  2.875e-05  4.246e-05  7.382e-03  8.812e-04  2.260e-03 
4.079e-03  5.037e-03  7.382e-03  1.427e+00  9.518e-02  2.283e-01 
4.094e-04  6.074e-04  8.812e-04  9.518e-02  8.830e-02  1.917e-01 
1.162e-03  1.533e-03  2.260e-03  2.283e-01  1.917e-01  4.799e-01 
	 Standard deviation: 
3.604e-03 
4.427e-03 
6.516e-03 
1.195e+00 
2.972e-01 
6.927e-01 

