f218w filter: 
	 R2 product exponential fit coefficients: 
6.520e-08 
4.333e-07 
3.824e-07 
2.500e+01 
1.749e+00 
1.000e+01 
	 Covariance matrix: 
2.144e-16  1.392e-15  1.224e-15  -5.835e-09  -1.505e-10  -1.197e-10 
1.392e-15  9.174e-15  8.084e-15  -3.840e-08  -1.006e-09  -7.600e-10 
1.224e-15  8.084e-15  7.131e-15  -3.382e-08  -8.871e-10  -6.640e-10 
-5.835e-09  -3.840e-08  -3.382e-08  1.614e-01  3.370e-03  2.582e-03 
-1.505e-10  -1.006e-09  -8.871e-10  3.370e-03  1.606e-03  1.123e-03 
-1.197e-10  -7.600e-10  -6.640e-10  2.582e-03  1.123e-03  9.241e-04 
	 Standard deviation: 
1.464e-08 
9.578e-08 
8.444e-08 
4.017e-01 
4.008e-02 
3.040e-02 

f225w filter: 
	 R2 product exponential fit coefficients: 
-1.393e-08 
9.117e-08 
1.366e-07 
2.625e+01 
2.120e+00 
1.000e+01 
	 Covariance matrix: 
6.694e-17  -4.344e-16  -6.516e-16  8.767e-09  1.082e-11  2.408e-11 
-4.344e-16  2.847e-15  4.268e-15  -5.740e-08  -1.300e-10  -1.964e-10 
-6.516e-16  4.268e-15  6.399e-15  -8.605e-08  -1.993e-10  -2.997e-10 
8.767e-09  -5.740e-08  -8.605e-08  1.159e+00  6.943e-04  2.601e-03 
1.082e-11  -1.300e-10  -1.993e-10  6.943e-04  7.016e-03  4.247e-03 
2.408e-11  -1.964e-10  -2.997e-10  2.601e-03  4.247e-03  3.907e-03 
	 Standard deviation: 
8.182e-09 
5.336e-08 
8.000e-08 
1.076e+00 
8.376e-02 
6.250e-02 

f275w filter: 
	 R2 product exponential fit coefficients: 
-3.635e-06 
-1.989e-06 
2.325e-06 
2.000e+01 
2.131e-01 
8.812e+00 
	 Covariance matrix: 
1.056e-11  5.707e-12  -6.927e-12  5.553e-06  -2.379e-08  -2.859e-08 
5.707e-12  3.120e-12  -3.692e-12  3.003e-06  -1.253e-08  -1.568e-08 
-6.927e-12  -3.692e-12  4.635e-12  -3.643e-06  1.709e-08  1.810e-08 
5.553e-06  3.003e-06  -3.643e-06  2.925e+00  -1.313e-02  -1.514e-02 
-2.379e-08  -1.253e-08  1.709e-08  -1.313e-02  3.028e-04  5.016e-05 
-2.859e-08  -1.568e-08  1.810e-08  -1.514e-02  5.016e-05  1.608e-04 
	 Standard deviation: 
3.250e-06 
1.766e-06 
2.153e-06 
1.710e+00 
1.740e-02 
1.268e-02 

f300x filter: 
	 R2 product exponential fit coefficients: 
-1.960e-05 
4.410e-05 
5.154e-05 
1.223e+01 
2.176e+00 
1.109e+01 
	 Covariance matrix: 
4.843e-10  -1.092e-09  -1.278e-09  4.637e-05  -1.637e-08  2.285e-07 
-1.092e-09  2.488e-09  2.910e-09  -1.054e-04  4.898e-07  -1.842e-07 
-1.278e-09  2.910e-09  3.407e-09  -1.232e-04  6.364e-07  -1.507e-07 
4.637e-05  -1.054e-04  -1.232e-04  4.480e+00  -2.784e-02  1.864e-03 
-1.637e-08  4.898e-07  6.364e-07  -2.784e-02  4.932e-02  4.905e-02 
2.285e-07  -1.842e-07  -1.507e-07  1.864e-03  4.905e-02  5.986e-02 
	 Standard deviation: 
2.201e-05 
4.988e-05 
5.837e-05 
2.117e+00 
2.221e-01 
2.447e-01 

