f218w filter: 
	 R2 product exponential fit coefficients: 
-1.109e-04 
-2.000e+01 
-7.392e-01 
2.000e+01 
4.726e+00 
1.816e-03 
	 Covariance matrix: 
4.845e-09  -8.257e-04  -1.117e-08  2.456e-05  -2.357e-07  -2.327e-09 
-8.257e-04  1.695e+02  2.299e-04  1.700e-01  -1.460e-03  -5.503e-05 
-1.117e-08  2.299e-04  1.650e-03  3.291e-04  2.959e-06  -2.597e-05 
2.456e-05  1.700e-01  3.291e-04  8.034e-01  -8.112e-03  -7.879e-05 
-2.357e-07  -1.460e-03  2.959e-06  -8.112e-03  2.734e-04  -7.084e-07 
-2.327e-09  -5.503e-05  -2.597e-05  -7.879e-05  -7.084e-07  6.218e-06 
	 Standard deviation: 
6.960e-05 
1.302e+01 
4.063e-02 
8.963e-01 
1.654e-02 
2.494e-03 

f225w filter: 
	 R2 product exponential fit coefficients: 
-1.378e-04 
2.558e+00 
-3.629e-01 
1.737e+01 
4.593e-04 
5.203e-05 
	 Covariance matrix: 
1.095e-06  -8.250e-07  5.920e-07  5.233e-02  1.850e+02  3.449e-08 
-8.250e-07  3.718e-02  2.105e-05  -4.402e-02  -1.526e+02  4.209e-05 
5.920e-07  2.105e-05  1.567e-02  1.009e-03  3.593e+00  2.919e-06 
5.233e-02  -4.402e-02  1.009e-03  2.530e+03  9.026e+06  1.653e-03 
1.850e+02  -1.526e+02  3.593e+00  9.026e+06  3.245e+10  5.874e+00 
3.449e-08  4.209e-05  2.919e-06  1.653e-03  5.874e+00  5.836e-06 
	 Standard deviation: 
1.046e-03 
1.928e-01 
1.252e-01 
5.030e+01 
1.801e+05 
2.416e-03 

f275w filter: 
	 R2 product exponential fit coefficients: 
-9.834e-04 
7.933e-02 
-2.673e+00 
4.355e-02 
9.566e-01 
3.569e-03 
	 Covariance matrix: 
1.686e-06  -3.770e-03  -2.006e-03  4.851e-05  -1.169e-04  2.537e-06 
-3.770e-03  1.573e+01  2.912e+00  -7.061e-01  6.274e-01  -1.422e-02 
-2.006e-03  2.912e+00  5.247e+00  -4.567e-01  3.205e-01  -7.188e-03 
4.851e-05  -7.061e-01  -4.567e-01  2.462e-01  -1.010e-01  2.230e-03 
-1.169e-04  6.274e-01  3.205e-01  -1.010e-01  1.961e-01  -1.565e-03 
2.537e-06  -1.422e-02  -7.188e-03  2.230e-03  -1.565e-03  3.509e-05 
	 Standard deviation: 
1.298e-03 
3.966e+00 
2.291e+00 
4.962e-01 
4.429e-01 
5.924e-03 

f300x filter: 
	 R2 product exponential fit coefficients: 
-4.252e-03 
9.475e-01 
1.057e-02 
4.401e-01 
3.377e-04 
-4.981e-03 
	 Covariance matrix: 
4.342e-06  -1.993e-03  6.239e-04  -1.979e-04  -8.748e-02  -4.825e-06 
-1.993e-03  1.361e+00  -2.656e-01  3.792e-02  6.879e+01  2.976e-03 
6.239e-04  -2.656e-01  3.141e-01  -3.812e-02  -3.151e+01  -2.457e-03 
-1.979e-04  3.792e-02  -3.812e-02  4.957e-01  -5.268e+02  4.270e-04 
-8.748e-02  6.879e+01  -3.151e+01  -5.268e+02  7.843e+05  3.530e-01 
-4.825e-06  2.976e-03  -2.457e-03  4.270e-04  3.530e-01  2.752e-05 
	 Standard deviation: 
2.084e-03 
1.167e+00 
5.604e-01 
7.040e-01 
8.856e+02 
5.246e-03 

