f218w filter: 
	 R2 product exponential fit coefficients: 
-1.982e-02 
1.499e+00 
-3.218e-02 
8.300e+00 
5.000e+00 
-8.250e-03 
	 Covariance matrix: 
7.628e-06  -7.970e-05  3.620e-05  2.642e-03  4.611e-04  3.661e-07 
-7.970e-05  1.301e-02  -5.413e-04  -9.033e-04  1.185e-04  7.378e-05 
3.620e-05  -5.413e-04  4.590e-03  -2.953e-03  -6.479e-04  -5.123e-05 
2.642e-03  -9.033e-04  -2.953e-03  1.512e+00  4.013e-01  4.025e-04 
4.611e-04  1.185e-04  -6.479e-04  4.013e-01  1.521e-01  8.832e-05 
3.661e-07  7.378e-05  -5.123e-05  4.025e-04  8.832e-05  6.983e-06 
	 Standard deviation: 
2.762e-03 
1.141e-01 
6.775e-02 
1.230e+00 
3.900e-01 
2.642e-03 

f225w filter: 
	 R2 product exponential fit coefficients: 
-7.824e-04 
2.558e+00 
-3.629e-01 
1.737e+01 
-6.300e-03 
5.207e-05 
	 Covariance matrix: 
7.228e-06  -1.198e-06  3.248e-06  8.990e-02  -3.382e+01  8.907e-08 
-1.198e-06  3.718e-02  2.108e-05  -2.227e-02  8.099e+00  4.210e-05 
3.248e-06  2.108e-05  1.567e-02  5.149e-05  -1.641e-02  2.921e-06 
8.990e-02  -2.227e-02  5.149e-05  1.153e+03  -4.439e+05  1.133e-03 
-3.382e+01  8.099e+00  -1.641e-02  -4.439e+05  1.738e+08  -4.360e-01 
8.907e-08  4.210e-05  2.921e-06  1.133e-03  -4.360e-01  5.836e-06 
	 Standard deviation: 
2.688e-03 
1.928e-01 
1.252e-01 
3.396e+01 
1.318e+04 
2.416e-03 

f275w filter: 
	 R2 product exponential fit coefficients: 
-1.008e-03 
1.744e-01 
-2.657e+00 
3.808e-02 
8.942e-01 
3.464e-03 
	 Covariance matrix: 
1.756e-06  -3.657e-03  -2.067e-03  2.797e-05  -1.295e-04  2.588e-06 
-3.657e-03  1.493e+01  3.010e+00  -6.736e-01  6.898e-01  -1.476e-02 
-2.067e-03  3.010e+00  5.336e+00  -4.368e-01  3.549e-01  -7.554e-03 
2.797e-05  -6.736e-01  -4.368e-01  2.239e-01  -9.296e-02  2.142e-03 
-1.295e-04  6.898e-01  3.549e-01  -9.296e-02  1.996e-01  -1.740e-03 
2.588e-06  -1.476e-02  -7.554e-03  2.142e-03  -1.740e-03  3.704e-05 
	 Standard deviation: 
1.325e-03 
3.864e+00 
2.310e+00 
4.732e-01 
4.468e-01 
6.086e-03 

f300x filter: 
	 R2 product exponential fit coefficients: 
-4.443e-03 
9.475e-01 
1.055e-02 
4.401e-01 
-5.951e-05 
-4.981e-03 
	 Covariance matrix: 
5.027e-06  -2.099e-03  6.684e-04  -4.454e-04  -8.761e-01  -5.226e-06 
-2.099e-03  1.361e+00  -2.656e-01  3.327e-02  -3.904e+02  2.976e-03 
6.684e-04  -2.656e-01  3.141e-01  -3.599e-02  1.788e+02  -2.456e-03 
-4.454e-04  3.327e-02  -3.599e-02  5.704e-01  3.290e+03  4.032e-04 
-8.761e-01  -3.904e+02  1.788e+02  3.290e+03  2.525e+07  -2.003e+00 
-5.226e-06  2.976e-03  -2.456e-03  4.032e-04  -2.003e+00  2.752e-05 
	 Standard deviation: 
2.242e-03 
1.167e+00 
5.604e-01 
7.553e-01 
5.025e+03 
5.246e-03 

