f218w filter: 
	 R2 product exponential fit coefficients: 
1.573e-02 
-3.677e-02 
-1.109e-01 
3.553e+00 
5.576e+00 
1.000e+01 
	 Covariance matrix: 
1.125e-06  -2.347e-06  -7.157e-06  -1.985e-04  -1.876e-06  -9.667e-07 
-2.347e-06  5.578e-06  1.675e-05  4.678e-04  5.914e-06  3.538e-06 
-7.157e-06  1.675e-05  5.052e-05  1.407e-03  1.757e-05  9.412e-06 
-1.985e-04  4.678e-04  1.407e-03  3.977e-02  8.282e-04  5.018e-04 
-1.876e-06  5.914e-06  1.757e-05  8.282e-04  7.842e-04  3.609e-04 
-9.667e-07  3.538e-06  9.412e-06  5.018e-04  3.609e-04  5.683e-04 
	 Standard deviation: 
1.061e-03 
2.362e-03 
7.108e-03 
1.994e-01 
2.800e-02 
2.384e-02 

f225w filter: 
	 R2 product exponential fit coefficients: 
-2.048e-05 
8.182e-05 
2.172e-04 
2.000e+01 
2.663e+00 
1.474e+01 
	 Covariance matrix: 
3.576e-11  -1.324e-10  -3.540e-10  4.829e-06  -1.695e-07  -6.000e-08 
-1.324e-10  5.251e-10  1.394e-09  -1.911e-05  6.577e-07  2.442e-07 
-3.540e-10  1.394e-09  3.709e-09  -5.076e-05  1.739e-06  6.391e-07 
4.829e-06  -1.911e-05  -5.076e-05  6.983e-01  -2.657e-02  -9.753e-03 
-1.695e-07  6.577e-07  1.739e-06  -2.657e-02  6.813e-03  1.951e-03 
-6.000e-08  2.442e-07  6.391e-07  -9.753e-03  1.951e-03  1.833e-03 
	 Standard deviation: 
5.980e-06 
2.291e-05 
6.090e-05 
8.356e-01 
8.254e-02 
4.281e-02 

f275w filter: 
	 R2 product exponential fit coefficients: 
3.706e-04 
1.132e-04 
-2.303e-04 
2.000e+01 
1.519e-01 
4.714e+00 
	 Covariance matrix: 
4.003e-08  1.202e-08  -2.584e-08  -3.336e-04  9.658e-07  1.578e-06 
1.202e-08  3.686e-09  -7.596e-09  -1.005e-04  2.876e-07  4.823e-07 
-2.584e-08  -7.596e-09  1.730e-08  2.155e-04  -6.966e-07  -9.774e-07 
-3.336e-04  -1.005e-04  2.155e-04  2.794e+00  -8.742e-03  -1.342e-02 
9.658e-07  2.876e-07  -6.966e-07  -8.742e-03  1.494e-04  4.472e-05 
1.578e-06  4.823e-07  -9.774e-07  -1.342e-02  4.472e-05  1.229e-04 
	 Standard deviation: 
2.001e-04 
6.071e-05 
1.315e-04 
1.671e+00 
1.222e-02 
1.108e-02 

f300x filter: 
	 R2 product exponential fit coefficients: 
-1.363e-02 
-6.193e-03 
-1.620e-02 
3.287e+00 
5.038e-01 
6.675e+00 
	 Covariance matrix: 
1.166e-05  5.125e-06  1.326e-05  2.235e-03  6.295e-05  2.081e-04 
5.125e-06  2.589e-06  6.669e-06  1.033e-03  5.649e-05  1.367e-04 
1.326e-05  6.669e-06  1.757e-05  2.684e-03  1.303e-04  3.336e-04 
2.235e-03  1.033e-03  2.684e-03  5.549e-01  -8.522e-03  -3.827e-02 
6.295e-05  5.649e-05  1.303e-04  -8.522e-03  1.298e-02  3.009e-02 
2.081e-04  1.367e-04  3.336e-04  -3.827e-02  3.009e-02  8.431e-02 
	 Standard deviation: 
3.415e-03 
1.609e-03 
4.191e-03 
7.449e-01 
1.139e-01 
2.904e-01 

