f218w filter: 
	 R2 product exponential fit coefficients: 
1.437e-02 
-1.227e-02 
-4.213e-02 
7.623e+00 
5.871e+00 
1.228e+01 
	 Covariance matrix: 
1.628e-06  -1.384e-06  -4.757e-06  -3.414e-04  3.949e-06  3.214e-06 
-1.384e-06  1.214e-06  4.104e-06  2.927e-04  -4.267e-06  -2.587e-06 
-4.757e-06  4.104e-06  1.401e-05  1.003e-03  -1.377e-05  -8.955e-06 
-3.414e-04  2.927e-04  1.003e-03  7.219e-02  -1.065e-03  -6.438e-04 
3.949e-06  -4.267e-06  -1.377e-05  -1.065e-03  7.898e-04  -1.572e-04 
3.214e-06  -2.587e-06  -8.955e-06  -6.438e-04  -1.572e-04  1.742e-04 
	 Standard deviation: 
1.276e-03 
1.102e-03 
3.743e-03 
2.687e-01 
2.810e-02 
1.320e-02 

f225w filter: 
	 R2 product exponential fit coefficients: 
-5.723e-07 
5.049e-06 
7.309e-06 
3.029e+01 
2.572e+00 
1.496e+01 
	 Covariance matrix: 
5.969e-14  -5.084e-13  -7.379e-13  2.981e-07  -9.546e-09  -4.706e-09 
-5.084e-13  4.473e-12  6.477e-12  -2.617e-06  8.022e-08  3.921e-08 
-7.379e-13  6.477e-12  9.383e-12  -3.789e-06  1.161e-07  5.657e-08 
2.981e-07  -2.617e-06  -3.789e-06  1.538e+00  -5.549e-02  -2.686e-02 
-9.546e-09  8.022e-08  1.161e-07  -5.549e-02  1.580e-02  6.945e-03 
-4.706e-09  3.921e-08  5.657e-08  -2.686e-02  6.945e-03  4.792e-03 
	 Standard deviation: 
2.443e-07 
2.115e-06 
3.063e-06 
1.240e+00 
1.257e-01 
6.922e-02 

f275w filter: 
	 R2 product exponential fit coefficients: 
3.687e-04 
2.052e-04 
-2.295e-04 
2.000e+01 
1.791e-01 
4.695e+00 
	 Covariance matrix: 
3.966e-08  2.163e-08  -2.572e-08  -3.328e-04  1.196e-06  1.478e-06 
2.163e-08  1.217e-08  -1.350e-08  -1.820e-04  6.259e-07  8.273e-07 
-2.572e-08  -1.350e-08  1.765e-08  2.161e-04  -9.048e-07  -9.025e-07 
-3.328e-04  -1.820e-04  2.161e-04  2.807e+00  -1.093e-02  -1.260e-02 
1.196e-06  6.259e-07  -9.048e-07  -1.093e-02  2.156e-04  3.796e-05 
1.478e-06  8.273e-07  -9.025e-07  -1.260e-02  3.796e-05  1.164e-04 
	 Standard deviation: 
1.991e-04 
1.103e-04 
1.329e-04 
1.675e+00 
1.468e-02 
1.079e-02 

f300x filter: 
	 R2 product exponential fit coefficients: 
-1.306e-02 
-1.587e-02 
-2.351e-02 
3.214e+00 
5.229e-01 
6.807e+00 
	 Covariance matrix: 
1.102e-05  1.290e-05  1.899e-05  2.168e-03  7.160e-05  2.477e-04 
1.290e-05  1.714e-05  2.519e-05  2.674e-03  1.580e-04  4.040e-04 
1.899e-05  2.519e-05  3.737e-05  3.946e-03  2.179e-04  5.778e-04 
2.168e-03  2.674e-03  3.946e-03  5.534e-01  -7.524e-03  -3.545e-02 
7.160e-05  1.580e-04  2.179e-04  -7.524e-03  1.457e-02  3.432e-02 
2.477e-04  4.040e-04  5.778e-04  -3.545e-02  3.432e-02  9.838e-02 
	 Standard deviation: 
3.320e-03 
4.141e-03 
6.113e-03 
7.439e-01 
1.207e-01 
3.137e-01 

