f218w filter: 
	 R2 product exponential fit coefficients: 
-1.028e+00 
-2.000e+00 
1.807e+00 
4.886e+00 
1.004e+01 
	 Covariance matrix: 
1.275e-01  2.377e-01  -2.300e-01  -1.962e-01  5.724e-03 
2.377e-01  4.793e-01  -4.127e-01  -3.833e-01  1.107e-02 
-2.300e-01  -4.127e-01  4.365e-01  3.483e-01  -1.006e-02 
-1.962e-01  -3.833e-01  3.483e-01  3.168e-01  -7.995e-03 
5.724e-03  1.107e-02  -1.006e-02  -7.995e-03  3.793e-03 
	 Standard deviation: 
3.571e-01 
6.923e-01 
6.606e-01 
5.629e-01 
6.158e-02 

f225w filter: 
	 R2 product exponential fit coefficients: 
-5.878e-02 
-9.442e-02 
1.898e-01 
3.519e+00 
1.128e+01 
	 Covariance matrix: 
6.219e-03  8.731e-03  -1.963e-02  -1.585e-01  1.160e-02 
8.731e-03  1.575e-02  -2.724e-02  -2.517e-01  1.854e-02 
-1.963e-02  -2.724e-02  6.490e-02  5.159e-01  -3.754e-02 
-1.585e-01  -2.517e-01  5.159e-01  4.581e+00  -2.887e-01 
1.160e-02  1.854e-02  -3.754e-02  -2.887e-01  2.283e-01 
	 Standard deviation: 
7.886e-02 
1.255e-01 
2.548e-01 
2.140e+00 
4.778e-01 

f275w filter: 
	 R2 product exponential fit coefficients: 
2.000e+00 
2.000e+00 
6.714e-01 
9.852e+00 
9.807e+00 
	 Covariance matrix: 
4.274e+01  4.144e+01  1.038e+01  3.782e+01  8.479e-01 
4.144e+01  4.686e+01  1.814e+01  3.833e+01  8.606e-01 
1.038e+01  1.814e+01  2.292e+01  1.378e+01  3.117e-01 
3.782e+01  3.833e+01  1.378e+01  3.497e+01  7.879e-01 
8.479e-01  8.606e-01  3.117e-01  7.879e-01  1.134e-01 
	 Standard deviation: 
6.537e+00 
6.846e+00 
4.788e+00 
5.914e+00 
3.368e-01 

f300x filter: 
	 R2 product exponential fit coefficients: 
-9.074e-02 
-1.930e-01 
1.400e-01 
3.614e+00 
8.586e+00 
	 Covariance matrix: 
9.186e-03  1.704e-02  -1.547e-02  -1.465e-01  -1.021e-02 
1.704e-02  3.992e-02  -2.488e-02  -3.159e-01  -2.165e-02 
-1.547e-02  -2.488e-02  3.089e-02  2.310e-01  1.588e-02 
-1.465e-01  -3.159e-01  2.310e-01  2.724e+00  1.611e-01 
-1.021e-02  -2.165e-02  1.588e-02  1.611e-01  1.029e-01 
	 Standard deviation: 
9.584e-02 
1.998e-01 
1.758e-01 
1.651e+00 
3.207e-01 

