f218w filter: 
	 R2 product exponential fit coefficients: 
1.154e-02 
3.923e-02 
2.668e-01 
1.447e+01 
2.124e+00 
1.308e+01 
	 Covariance matrix: 
8.213e-08  1.021e-08  -1.804e-07  8.694e-07  1.191e-06  -2.400e-05 
1.021e-08  5.881e-05  5.582e-10  -2.345e-08  -2.392e-09  -1.535e-04 
-1.804e-07  5.582e-10  2.185e-05  5.809e-07  -6.965e-05  -1.314e-05 
8.694e-07  -2.345e-08  5.809e-07  3.478e-05  -2.371e-06  -2.828e-04 
1.191e-06  -2.392e-09  -6.965e-05  -2.371e-06  3.977e-04  -1.296e-04 
-2.400e-05  -1.535e-04  -1.314e-05  -2.828e-04  -1.296e-04  7.764e-03 
	 Standard deviation: 
2.866e-04 
7.669e-03 
4.674e-03 
5.898e-03 
1.994e-02 
8.811e-02 

f225w filter: 
	 R2 product exponential fit coefficients: 
9.392e-04 
-7.548e-01 
-2.671e-01 
1.367e+01 
3.546e+00 
2.042e+01 
	 Covariance matrix: 
1.458e-08  -2.943e-07  -1.092e-08  2.190e-08  1.429e-06  -5.285e-05 
-2.943e-07  1.426e-03  -9.184e-09  1.701e-06  5.713e-07  -1.045e-03 
-1.092e-08  -9.184e-09  4.247e-05  1.705e-07  -2.403e-04  -1.511e-04 
2.190e-08  1.701e-06  1.705e-07  2.466e-04  -9.635e-06  1.138e-04 
1.429e-06  5.713e-07  -2.403e-04  -9.635e-06  4.867e-03  -2.196e-03 
-5.285e-05  -1.045e-03  -1.511e-04  1.138e-04  -2.196e-03  1.996e-01 
	 Standard deviation: 
1.207e-04 
3.776e-02 
6.517e-03 
1.570e-02 
6.976e-02 
4.468e-01 

f275w filter: 
	 R2 product exponential fit coefficients: 
4.639e-06 
1.499e+00 
-1.000e+01 
1.420e+01 
5.000e+00 
1.847e+01 
	 Covariance matrix: 
1.042e-09  4.728e-09  2.163e-03  -2.735e-08  6.787e-05  -2.499e-05 
4.728e-09  4.372e-03  -1.190e-03  -4.048e-06  -3.727e-05  -2.200e-02 
2.163e-03  -1.190e-03  4.494e+03  -9.747e-02  1.410e+02  -4.994e+01 
-2.735e-08  -4.048e-06  -9.747e-02  7.120e-04  -3.051e-03  -1.325e-02 
6.787e-05  -3.727e-05  1.410e+02  -3.051e-03  4.493e+00  -1.608e+00 
-2.499e-05  -2.200e-02  -4.994e+01  -1.325e-02  -1.608e+00  1.325e+00 
	 Standard deviation: 
3.228e-05 
6.612e-02 
6.704e+01 
2.668e-02 
2.120e+00 
1.151e+00 

f300x filter: 
	 R2 product exponential fit coefficients: 
1.222e-09 
-2.830e+00 
4.857e+00 
1.278e+01 
-1.207e+00 
5.000e+01 
	 Covariance matrix: 
2.051e-17  -1.857e-11  -6.681e-09  -1.550e-09  -1.326e-09  -5.040e-08 
-1.857e-11  9.199e-02  -4.726e-08  1.547e-05  -1.102e-08  1.632e-02 
-6.681e-09  -4.726e-08  2.127e+01  -2.105e-02  4.203e+00  3.032e+00 
-1.550e-09  1.547e-05  -2.105e-02  1.472e-01  -4.286e-03  4.228e+00 
-1.326e-09  -1.102e-08  4.203e+00  -4.286e-03  8.558e-01  6.361e-01 
-5.040e-08  1.632e-02  3.032e+00  4.228e+00  6.361e-01  1.334e+02 
	 Standard deviation: 
4.529e-09 
3.033e-01 
4.612e+00 
3.837e-01 
9.251e-01 
1.155e+01 

