Fitting results for f218w filter, with log(g) = 5.0
Function type:  Exponential function of Teff, fitted
    Fit coefficients (in order of functions arguments):
[-2.32239601e+02 -1.07618487e-03  2.93335416e+00]
    Covariance matrix:
[[8.34257698e+03 7.42073210e-03 3.74559990e-01]
 [7.42073210e-03 6.66038327e-09 3.67302384e-07]
 [3.74559990e-01 3.67302384e-07 1.75240278e-04]]
Fractional errors in fit coefficients = {E[(X(i)-E[X(i)])*(X(j)-E[X(j)])]}/{|E[X(i)]*E[X(j)]|}
i.e., covariance(i,j)/{coef(i)*coef(j)}

Fractional error output:  
row 1		0.1546776872675397	
row 2		0.029690915857285324	0.00575076281697478	
row 3		0.0005498200941096795	0.00011635160115412626	2.0365962203775264e-05	

Average fractional error = 0.03180098393321123

Fitting results for f218w filter, with log(g) = 5.0
Function type:  Power law of Teff, fitted
    Fit coefficients (in order of functions arguments):
[-1.00000000e+08 -2.16845377e+00  3.03078630e+00]
    Covariance matrix:
[[2.71708751e+16 3.18472454e+07 2.40567420e+06]
 [3.18472454e+07 3.73545225e-02 2.86731101e-03]
 [2.40567420e+06 2.86731101e-03 4.38822924e-04]]
Fractional errors in fit coefficients = {E[(X(i)-E[X(i)])*(X(j)-E[X(j)])]}/{|E[X(i)]*E[X(j)]|}
i.e., covariance(i,j)/{coef(i)*coef(j)}

Fractional error output:  
row 1		2.7170875088528383	
row 2		0.14686614890708768	0.007944066214206276	
row 3		0.007937458994319009	0.0004362840340823223	4.777257779116852e-05	

Average fractional error = 0.48005320659672074

RANKED MEAN FRACTIONAL ERRORS (best to worst) :   
Exponential function of Teff, fitted    		0.03180098393321123
Power law of Teff, fitted               		0.48005320659672074
Fitting results for f225w filter, with log(g) = 5.0
Function type:  Exponential function of Teff, fitted
    Fit coefficients (in order of functions arguments):
[-1.28077197e+02 -1.03029792e-03  2.61037661e+00]
    Covariance matrix:
[[4.95051013e+03 7.95364464e-03 2.95977648e-01]
 [7.95364464e-03 1.29038434e-08 5.26409833e-07]
 [2.95977648e-01 5.26409833e-07 1.77252678e-04]]
Fractional errors in fit coefficients = {E[(X(i)-E[X(i)])*(X(j)-E[X(j)])]}/{|E[X(i)]*E[X(j)]|}
i.e., covariance(i,j)/{coef(i)*coef(j)}

Fractional error output:  
row 1		0.3017910285197049	
row 2		0.06027421261588766	0.01215607689355809	
row 3		0.0008852866841322104	0.00019573027260029943	2.601276202878882e-05	

Average fractional error = 0.06255472462465199

Fitting results for f225w filter, with log(g) = 5.0
Function type:  Power law of Teff, fitted
    Fit coefficients (in order of functions arguments):
[-1.00000000e+08 -2.20599599e+00  2.68141553e+00]
    Covariance matrix:
[[5.27257155e+16 6.18004679e+07 3.28080392e+06]
 [6.18004679e+07 7.24865243e-02 3.91006735e-03]
 [3.28080392e+06 3.91006735e-03 4.27456181e-04]]
Fractional errors in fit coefficients = {E[(X(i)-E[X(i)])*(X(j)-E[X(j)])]}/{|E[X(i)]*E[X(j)]|}
i.e., covariance(i,j)/{coef(i)*coef(j)}

Fractional error output:  
row 1		5.272571546458915	
row 2		0.28014768951961	0.014895251463087835	
row 3		0.012235343148229813	0.0006610212170939115	5.945157441584816e-05	

Average fractional error = 0.9300950505635585

RANKED MEAN FRACTIONAL ERRORS (best to worst) :   
Exponential function of Teff, fitted    		0.06255472462465199
Power law of Teff, fitted               		0.9300950505635585
Fitting results for f275w filter, with log(g) = 5.0
Function type:  Exponential function of Teff, fitted
    Fit coefficients (in order of functions arguments):
[-9.68524655e-01 -3.51223795e-04  2.05998496e+00]
    Covariance matrix:
[[8.38880222e-01 1.52267387e-04 5.85529493e-03]
 [1.52267387e-04 2.95385967e-08 1.47907160e-06]
 [5.85529493e-03 1.47907160e-06 2.70948253e-04]]
Fractional errors in fit coefficients = {E[(X(i)-E[X(i)])*(X(j)-E[X(j)])]}/{|E[X(i)]*E[X(j)]|}
i.e., covariance(i,j)/{coef(i)*coef(j)}

Fractional error output:  
row 1		0.8942904529765073	
row 2		0.4476228873146001	0.2394539455605059	
row 3		0.0029347698230312797	0.0020442839340042936	6.384961090876629e-05	

Average fractional error = 0.2644016982032596

Fitting results for f275w filter, with log(g) = 5.0
Function type:  Power law of Teff, fitted
    Fit coefficients (in order of functions arguments):
[-2.19169951e+07 -2.19009063e+00  2.06533779e+00]
    Covariance matrix:
[[3.98141258e+16 2.12923870e+08 2.87643964e+06]
 [2.12923870e+08 1.13949029e+00 1.56420018e-02]
 [2.87643964e+06 1.56420018e-02 4.32175717e-04]]
Fractional errors in fit coefficients = {E[(X(i)-E[X(i)])*(X(j)-E[X(j)])]}/{|E[X(i)]*E[X(j)]|}
i.e., covariance(i,j)/{coef(i)*coef(j)}

Fractional error output:  
row 1		82.88485137440199	
row 2		4.4358949611717735	0.2375671869360108	
row 3		0.06354526038461375	0.003458112787057103	0.0001013160335927885	

Average fractional error = 14.604236368619171

RANKED MEAN FRACTIONAL ERRORS (best to worst) :   
Exponential function of Teff, fitted    		0.2644016982032596
Power law of Teff, fitted               		14.604236368619171
Fitting results for f300x filter, with log(g) = 5.0
Function type:  Exponential function of Teff, fitted
    Fit coefficients (in order of functions arguments):
[-1.27174170e+00 -2.59069985e-04  2.03175294e+00]
    Covariance matrix:
[[1.96744793e-01 2.52337095e-05 2.75478908e-03]
 [2.52337095e-05 3.60060024e-09 5.73375035e-07]
 [2.75478908e-03 5.73375035e-07 3.10414595e-04]]
Fractional errors in fit coefficients = {E[(X(i)-E[X(i)])*(X(j)-E[X(j)])]}/{|E[X(i)]*E[X(j)]|}
i.e., covariance(i,j)/{coef(i)*coef(j)}

Fractional error output:  
row 1		0.12164812662227982	
row 2		0.07658876889263397	0.05364641522424803	
row 3		0.001066150575247133	0.0010893082269347405	7.519696950743815e-05	

Average fractional error = 0.04235232775180852

Fitting results for f300x filter, with log(g) = 5.0
Function type:  Power law of Teff, fitted
    Fit coefficients (in order of functions arguments):
[-5.13354499e+05 -1.65899991e+00  2.05178810e+00]
    Covariance matrix:
[[3.43980186e+12 7.87041108e+05 3.94020697e+04]
 [7.87041108e+05 1.80247037e-01 9.16856934e-03]
 [3.94020697e+04 9.16856934e-03 7.29349941e-04]]
Fractional errors in fit coefficients = {E[(X(i)-E[X(i)])*(X(j)-E[X(j)])]}/{|E[X(i)]*E[X(j)]|}
i.e., covariance(i,j)/{coef(i)*coef(j)}

Fractional error output:  
row 1		13.052649694014981	
row 2		0.9241313037732993	0.06549006330371496	
row 3		0.03740840188293659	0.0026935355030287735	0.0001732490801211551	

Average fractional error = 2.3470910412596804

RANKED MEAN FRACTIONAL ERRORS (best to worst) :   
Exponential function of Teff, fitted    		0.04235232775180852
Power law of Teff, fitted               		2.3470910412596804
Fitting results for f336w filter, with log(g) = 5.0
Function type:  Exponential function of Teff, fitted
    Fit coefficients (in order of functions arguments):
[-6.07165627e-02 -2.30030953e-04  1.64648845e+00]
    Covariance matrix:
[[1.22001543e-01 3.17645132e-04 2.14548232e-03]
 [3.17645132e-04 9.37901483e-07 9.70656687e-06]
 [2.14548232e-03 9.70656687e-06 3.29754033e-04]]
Fractional errors in fit coefficients = {E[(X(i)-E[X(i)])*(X(j)-E[X(j)])]}/{|E[X(i)]*E[X(j)]|}
i.e., covariance(i,j)/{coef(i)*coef(j)}

Fractional error output:  
row 1		33.094129886963884	
row 2		22.743052198442125	17.72493555253491	
row 3		0.021461450617652207	0.025628352169931676	0.00012163897121067994	

Average fractional error = 12.268221513283287

Fitting results for f336w filter, with log(g) = 5.0
Function type:  Power law of Teff, fitted
    Fit coefficients (in order of functions arguments):
[-9.29196412e+03 -1.52511822e+00  1.64779028e+00]
    Covariance matrix:
[[3.29430033e+11 4.17154524e+06 1.39481745e+04]
 [4.17154524e+06 5.28770294e+01 1.79558912e-01]
 [1.39481745e+04 1.79558912e-01 8.91619786e-04]]
Fractional errors in fit coefficients = {E[(X(i)-E[X(i)])*(X(j)-E[X(j)])]}/{|E[X(i)]*E[X(j)]|}
i.e., covariance(i,j)/{coef(i)*coef(j)}

Fractional error output:  
row 1		3815.4708701971704	
row 2		294.36483281880083	22.733171607199587	
row 3		0.9109780488328387	0.0714498827055704	0.0003283793386884449	

Average fractional error = 688.9252718223412

RANKED MEAN FRACTIONAL ERRORS (best to worst) :   
Exponential function of Teff, fitted    		12.268221513283287
Power law of Teff, fitted               		688.9252718223412
Fitting results for f390w filter, with log(g) = 5.0
Function type:  Exponential function of Teff, fitted
    Fit coefficients (in order of functions arguments):
[-6.94896535e-02 -6.43739249e-05  1.48847098e+00]
    Covariance matrix:
[[3.27798110e-03 4.60438682e-06 2.23826422e-04]
 [4.60438682e-06 3.13257508e-08 7.93871086e-06]
 [2.23826422e-04 7.93871086e-06 2.49263941e-03]]
Fractional errors in fit coefficients = {E[(X(i)-E[X(i)])*(X(j)-E[X(j)])]}/{|E[X(i)]*E[X(j)]|}
i.e., covariance(i,j)/{coef(i)*coef(j)}

Fractional error output:  
row 1		0.6788380113171123	
row 2		1.0292992736473596	7.559298763889451	
row 3		0.0021639679879126273	0.08285135620737474	0.0011250678414607535	

Average fractional error = 1.558929406815112

Fitting results for f390w filter, with log(g) = 5.0
Function type:  Power law of Teff, fitted
    Fit coefficients (in order of functions arguments):
[-0.61767066 -0.07157042  1.7724318 ]
    Covariance matrix:
[[ 42.79255773 -16.01486978 -69.20458199]
 [-16.01486978   6.02262097  25.98639135]
 [-69.20458199  25.98639135 112.17804399]]
Fractional errors in fit coefficients = {E[(X(i)-E[X(i)])*(X(j)-E[X(j)])]}/{|E[X(i)]*E[X(j)]|}
i.e., covariance(i,j)/{coef(i)*coef(j)}

Fractional error output:  
row 1		112.1642080080197	
row 2		362.2704317083107	1175.759340145239	
row 3		63.21328230450447	204.85326696163193	35.70826896697421	

Average fractional error = 325.66146634911337

RANKED MEAN FRACTIONAL ERRORS (best to worst) :   
Exponential function of Teff, fitted    		1.558929406815112
Power law of Teff, fitted               		325.66146634911337
Fitting results for f438w filter, with log(g) = 5.0
Function type:  Exponential function of Teff, fitted
    Fit coefficients (in order of functions arguments):
[-1.13190779e-01 -3.08389238e-04  1.35037802e+00]
    Covariance matrix:
[[4.32656653e-01 6.51746421e-04 4.17035919e-03]
 [6.51746421e-04 1.06574900e-06 9.28771735e-06]
 [4.17035919e-03 9.28771735e-06 2.86666219e-04]]
Fractional errors in fit coefficients = {E[(X(i)-E[X(i)])*(X(j)-E[X(j)])]}/{|E[X(i)]*E[X(j)]|}
i.e., covariance(i,j)/{coef(i)*coef(j)}

Fractional error output:  
row 1		33.76923992153092	
row 2		18.671034920686488	11.206151886971577	
row 3		0.027283937794544248	0.0223025445275099	0.00015720479765946803	

Average fractional error = 10.616028402718117

Fitting results for f438w filter, with log(g) = 5.0
Function type:  Power law of Teff, fitted
    Fit coefficients (in order of functions arguments):
[-9.99999997e+04 -1.78197159e+00  1.35186036e+00]
    Covariance matrix:
[[2.98471265e+13 3.50218159e+07 1.04148694e+05]
 [3.50218159e+07 4.11296443e+01 1.24304111e-01]
 [1.04148694e+05 1.24304111e-01 6.24713639e-04]]
Fractional errors in fit coefficients = {E[(X(i)-E[X(i)])*(X(j)-E[X(j)])]}/{|E[X(i)]*E[X(j)]|}
i.e., covariance(i,j)/{coef(i)*coef(j)}

Fractional error output:  
row 1		2984.7126678388086	
row 2		196.53408739407163	12.952494115799391	
row 3		0.7704101502003079	0.051600377946592835	0.0003418356239486345	

Average fractional error = 532.5036002854084

RANKED MEAN FRACTIONAL ERRORS (best to worst) :   
Exponential function of Teff, fitted    		10.616028402718117
Power law of Teff, fitted               		532.5036002854084
Fitting results for f475w filter, with log(g) = 5.0
Function type:  Exponential function of Teff, fitted
    Fit coefficients (in order of functions arguments):
[-2.15577319e-01 -2.72903181e-04  1.21738082e+00]
    Covariance matrix:
[[2.46113309e-01 1.88750674e-04 3.10078965e-03]
 [1.88750674e-04 1.59801982e-07 3.74895789e-06]
 [3.10078965e-03 3.74895789e-06 3.02875579e-04]]
Fractional errors in fit coefficients = {E[(X(i)-E[X(i)])*(X(j)-E[X(j)])]}/{|E[X(i)]*E[X(j)]|}
i.e., covariance(i,j)/{coef(i)*coef(j)}

Fractional error output:  
row 1		5.2957681886499435	
row 2		3.208313857849131	2.145680056830454	
row 3		0.011815246409906815	0.01128432301619126	0.00020436727148767314	

Average fractional error = 1.778844340004519

Fitting results for f475w filter, with log(g) = 5.0
Function type:  Power law of Teff, fitted
    Fit coefficients (in order of functions arguments):
[-1.33339992e+05 -1.71831336e+00  1.22037683e+00]
    Covariance matrix:
[[9.74697816e+12 8.58125413e+06 6.28444925e+04]
 [8.58125413e+06 7.56180298e+00 5.62745391e-02]
 [6.28444925e+04 5.62745391e-02 6.74694612e-04]]
Fractional errors in fit coefficients = {E[(X(i)-E[X(i)])*(X(j)-E[X(j)])]}/{|E[X(i)]*E[X(j)]|}
i.e., covariance(i,j)/{coef(i)*coef(j)}

Fractional error output:  
row 1		548.212766763746	
row 2		37.45311741947757	2.5610651287721606	
row 3		0.3862005135625285	0.026835866740672138	0.000453022046519867	

Average fractional error = 98.10673978572426

RANKED MEAN FRACTIONAL ERRORS (best to worst) :   
Exponential function of Teff, fitted    		1.778844340004519
Power law of Teff, fitted               		98.10673978572426
Fitting results for f555w filter, with log(g) = 5.0
Function type:  Exponential function of Teff, fitted
    Fit coefficients (in order of functions arguments):
[-2.17062290e-01 -3.00634322e-04  1.07768556e+00]
    Covariance matrix:
[[3.82940924e-01 2.98928177e-04 3.91302974e-03]
 [2.98928177e-04 2.54149618e-07 4.57432590e-06]
 [3.91302974e-03 4.57432590e-06 2.89901988e-04]]
Fractional errors in fit coefficients = {E[(X(i)-E[X(i)])*(X(j)-E[X(j)])]}/{|E[X(i)]*E[X(j)]|}
i.e., covariance(i,j)/{coef(i)*coef(j)}

Fractional error output:  
row 1		8.127613043462432	
row 2		4.5808272231898854	2.811980732448026	
row 3		0.01672771823085855	0.014118757491955795	0.0002496129233566752	

Average fractional error = 2.591919514624419

Fitting results for f555w filter, with log(g) = 5.0
Function type:  Power law of Teff, fitted
    Fit coefficients (in order of functions arguments):
[-4.87069085e+05 -1.88731332e+00  1.07982298e+00]
    Covariance matrix:
[[1.90661164e+14 4.59057516e+07 2.42304458e+05]
 [4.59057516e+07 1.10619076e+01 5.93441188e-02]
 [2.42304458e+05 5.93441188e-02 5.57427355e-04]]
Fractional errors in fit coefficients = {E[(X(i)-E[X(i)])*(X(j)-E[X(j)])]}/{|E[X(i)]*E[X(j)]|}
i.e., covariance(i,j)/{coef(i)*coef(j)}

Fractional error output:  
row 1		803.6762018201595	
row 2		49.938159399972044	3.105574952856972	
row 3		0.4607000632424367	0.02911931219448845	0.00047806080983709955	

Average fractional error = 142.8683722682059

RANKED MEAN FRACTIONAL ERRORS (best to worst) :   
Exponential function of Teff, fitted    		2.591919514624419
Power law of Teff, fitted               		142.8683722682059
Fitting results for f606w filter, with log(g) = 5.0
Function type:  Exponential function of Teff, fitted
    Fit coefficients (in order of functions arguments):
[-2.13078200e-01 -2.87876974e-04  9.62345296e-01]
    Covariance matrix:
[[3.12810697e-01 2.46058336e-04 3.51896885e-03]
 [2.46058336e-04 2.12048490e-07 4.23976321e-06]
 [3.51896885e-03 4.23976321e-06 2.95568952e-04]]
Fractional errors in fit coefficients = {E[(X(i)-E[X(i)])*(X(j)-E[X(j)])]}/{|E[X(i)]*E[X(j)]|}
i.e., covariance(i,j)/{coef(i)*coef(j)}

Fractional error output:  
row 1		6.889751489876178	
row 2		4.011364567733728	2.5587115202500805	
row 3		0.017161113947234328	0.01530395727373849	0.00031915154818497424	

Average fractional error = 2.2487686334381904

Fitting results for f606w filter, with log(g) = 5.0
Function type:  Power law of Teff, fitted
    Fit coefficients (in order of functions arguments):
[-2.85308266e+05 -1.81845224e+00  9.64762006e-01]
    Covariance matrix:
[[5.67106999e+13 2.33179671e+07 1.39365045e+05]
 [2.33179671e+07 9.59596807e+00 5.82888543e-02]
 [1.39365045e+05 5.82888543e-02 5.99463888e-04]]
Fractional errors in fit coefficients = {E[(X(i)-E[X(i)])*(X(j)-E[X(j)])]}/{|E[X(i)]*E[X(j)]|}
i.e., covariance(i,j)/{coef(i)*coef(j)}

Fractional error output:  
row 1		696.6847430400051	
row 2		44.94428050749148	2.9019170530671174	
row 3		0.5063132726486587	0.033224880499286846	0.0006440545342320859	

Average fractional error = 124.17852046804096

RANKED MEAN FRACTIONAL ERRORS (best to worst) :   
Exponential function of Teff, fitted    		2.2487686334381904
Power law of Teff, fitted               		124.17852046804096
Fitting results for f625w filter, with log(g) = 5.0
Function type:  Exponential function of Teff, fitted
    Fit coefficients (in order of functions arguments):
[-8.65029487e-02 -3.28056412e-04  8.78152526e-01]
    Covariance matrix:
[[5.87859117e-01 1.17609254e-03 4.88654695e-03]
 [1.17609254e-03 2.53457142e-06 1.40282776e-05]
 [4.88654695e-03 1.40282776e-05 2.79047628e-04]]
Fractional errors in fit coefficients = {E[(X(i)-E[X(i)])*(X(j)-E[X(j)])]}/{|E[X(i)]*E[X(j)]|}
i.e., covariance(i,j)/{coef(i)*coef(j)}

Fractional error output:  
row 1		78.56180157062927	
row 2		41.444037080437994	23.550898009924985	
row 3		0.06432817177790963	0.048695167727709585	0.0003618582059556472	

Average fractional error = 23.94502030978397

Fitting results for f625w filter, with log(g) = 5.0
Function type:  Power law of Teff, fitted
    Fit coefficients (in order of functions arguments):
[-7.46418863e+05 -2.06342542e+00  8.78725417e-01]
    Covariance matrix:
[[4.25515782e+15 6.68238497e+08 1.01422453e+06]
 [6.68238497e+08 1.05019553e+02 1.61994272e-01]
 [1.01422453e+06 1.61994272e-01 4.75320919e-04]]
Fractional errors in fit coefficients = {E[(X(i)-E[X(i)])*(X(j)-E[X(j)])]}/{|E[X(i)]*E[X(j)]|}
i.e., covariance(i,j)/{coef(i)*coef(j)}

Fractional error output:  
row 1		7637.486591119602	
row 2		433.8704860344256	24.66565257538586	
row 3		1.5463162419892886	0.08934241622292774	0.0006155744006699518	

Average fractional error = 1349.6098339936711

RANKED MEAN FRACTIONAL ERRORS (best to worst) :   
Exponential function of Teff, fitted    		23.94502030978397
Power law of Teff, fitted               		1349.6098339936711
Fitting results for f775w filter, with log(g) = 5.0
Function type:  Exponential function of Teff, fitted
    Fit coefficients (in order of functions arguments):
[-2.96114619e-02 -2.45337833e-04  6.56181680e-01]
    Covariance matrix:
[[1.57169491e-01 8.53428997e-04 2.44758126e-03]
 [8.53428997e-04 5.19982403e-06 2.22485313e-05]
 [2.44758126e-03 2.22485313e-05 3.18859841e-04]]
Fractional errors in fit coefficients = {E[(X(i)-E[X(i)])*(X(j)-E[X(j)])]}/{|E[X(i)]*E[X(j)]|}
i.e., covariance(i,j)/{coef(i)*coef(j)}

Fractional error output:  
row 1		179.24561896480557	
row 2		117.47434185378077	86.38922869479012	
row 3		0.1259659510217521	0.13820148845812666	0.0007405452881412456	

Average fractional error = 63.89568291635741

Fitting results for f775w filter, with log(g) = 5.0
Function type:  Power law of Teff, fitted
    Fit coefficients (in order of functions arguments):
[-4.27921721e+03 -1.52900861e+00  6.56812767e-01]
    Covariance matrix:
[[3.52635750e+11 9.69562985e+06 1.43710705e+04]
 [9.69562985e+06 2.66846286e+02 4.01698730e-01]
 [1.43710705e+04 4.01698730e-01 8.85960272e-04]]
Fractional errors in fit coefficients = {E[(X(i)-E[X(i)])*(X(j)-E[X(j)])]}/{|E[X(i)]*E[X(j)]|}
i.e., covariance(i,j)/{coef(i)*coef(j)}

Fractional error output:  
row 1		19257.401126755663	
row 2		1481.841535300994	114.14090160766233	
row 3		5.113087244151707	0.3999898220350206	0.002053671971227128	

Average fractional error = 3476.483115733746

RANKED MEAN FRACTIONAL ERRORS (best to worst) :   
Exponential function of Teff, fitted    		63.89568291635741
Power law of Teff, fitted               		3476.483115733746
Fitting results for f814w filter, with log(g) = 5.0
Function type:  Exponential function of Teff, fitted
    Fit coefficients (in order of functions arguments):
[-4.97759797e-02 -2.17180799e-04  6.14355115e-01]
    Covariance matrix:
[[9.83678825e-02 3.07737888e-04 1.92304727e-03]
 [3.07737888e-04 1.10278154e-06 1.08087551e-05]
 [1.92304727e-03 1.08087551e-05 3.40499605e-04]]
Fractional errors in fit coefficients = {E[(X(i)-E[X(i)])*(X(j)-E[X(j)])]}/{|E[X(i)]*E[X(j)]|}
i.e., covariance(i,j)/{coef(i)*coef(j)}

Fractional error output:  
row 1		39.70211930843425	
row 2		28.46687048743455	23.380114648117374	
row 3		0.06288552120189458	0.08100927971902451	0.0009021477196477513	

Average fractional error = 15.282316898771121

Fitting results for f814w filter, with log(g) = 5.0
Function type:  Power law of Teff, fitted
    Fit coefficients (in order of functions arguments):
[-2.60625306e+03 -1.39046481e+00  6.15806941e-01]
    Covariance matrix:
[[3.14076823e+10 1.42177770e+06 5.03143148e+03]
 [1.42177770e+06 6.44308669e+01 2.31414870e-01]
 [5.03143148e+03 2.31414870e-01 1.13749107e-03]]
Fractional errors in fit coefficients = {E[(X(i)-E[X(i)])*(X(j)-E[X(j)])]}/{|E[X(i)]*E[X(j)]|}
i.e., covariance(i,j)/{coef(i)*coef(j)}

Fractional error output:  
row 1		4623.839209258047	
row 2		392.33324962971034	33.32529277948745	
row 3		3.1349484259282887	0.27026305443051596	0.0029995688497850273	

Average fractional error = 842.1509937860757

RANKED MEAN FRACTIONAL ERRORS (best to worst) :   
Exponential function of Teff, fitted    		15.282316898771121
Power law of Teff, fitted               		842.1509937860757
Fitting results for G filter, with log(g) = 5.0
Function type:  Exponential function of Teff, fitted
    Fit coefficients (in order of functions arguments):
[-6.41069456e-01 -2.21286097e-04  1.02156486e+00]
    Covariance matrix:
[[1.05402938e-01 2.57285925e-05 1.99110524e-03]
 [2.57285925e-05 7.17003494e-09 8.63775210e-07]
 [1.99110524e-03 8.63775210e-07 3.36879463e-04]]
Fractional errors in fit coefficients = {E[(X(i)-E[X(i)])*(X(j)-E[X(j)])]}/{|E[X(i)]*E[X(j)]|}
i.e., covariance(i,j)/{coef(i)*coef(j)}

Fractional error output:  
row 1		0.256473527834161	
row 2		0.1813663928263687	0.1464242522228704	
row 3		0.0030403472207744466	0.0038210318811788047	0.00032280677740561484	

Average fractional error = 0.0985747264604598

Fitting results for G filter, with log(g) = 5.0
Function type:  Power law of Teff, fitted
    Fit coefficients (in order of functions arguments):
[-3.60280278e+04 -1.40200590e+00  1.03953466e+00]
    Covariance matrix:
[[3.84009194e+10 1.25716776e+05 5.48493301e+03]
 [1.25716776e+05 4.12010917e-01 1.82453394e-02]
 [5.48493301e+03 1.82453394e-02 1.11193168e-03]]
Fractional errors in fit coefficients = {E[(X(i)-E[X(i)])*(X(j)-E[X(j)])]}/{|E[X(i)]*E[X(j)]|}
i.e., covariance(i,j)/{coef(i)*coef(j)}

Fractional error output:  
row 1		29.58425551502245	
row 2		2.48887396964753	0.20960857284461112	
row 3		0.1464508391280303	0.012518812385083405	0.0010289639431515978	

Average fractional error = 5.407122778828474

RANKED MEAN FRACTIONAL ERRORS (best to worst) :   
Exponential function of Teff, fitted    		0.0985747264604598
Power law of Teff, fitted               		5.407122778828474
Fitting results for Gbp filter, with log(g) = 5.0
Function type:  Exponential function of Teff, fitted
    Fit coefficients (in order of functions arguments):
[-3.54463420e-01 -1.44910935e-04  1.21185017e+00]
    Covariance matrix:
[[2.71451773e-02 1.08835530e-05 1.14455156e-03]
 [1.08835530e-05 5.47874041e-09 1.02007358e-06]
 [1.14455156e-03 1.02007358e-06 4.69562561e-04]]
Fractional errors in fit coefficients = {E[(X(i)-E[X(i)])*(X(j)-E[X(j)])]}/{|E[X(i)]*E[X(j)]|}
i.e., covariance(i,j)/{coef(i)*coef(j)}

Fractional error output:  
row 1		0.2160477938542826	
row 2		0.2118839757112953	0.26090259989286574	
row 3		0.0026644956337533486	0.005808732985770957	0.0003197389971015067	

Average fractional error = 0.1162712228458449

Fitting results for Gbp filter, with log(g) = 5.0
Function type:  Power law of Teff, fitted
    Fit coefficients (in order of functions arguments):
[-456.44239751   -0.89966311    1.2467887 ]
    Covariance matrix:
[[6.78235443e+06 1.80108896e+03 1.66167171e+02]
 [1.80108896e+03 4.78926261e-01 4.46669787e-02]
 [1.66167171e+02 4.46669787e-02 4.66786183e-03]]
Fractional errors in fit coefficients = {E[(X(i)-E[X(i)])*(X(j)-E[X(j)])]}/{|E[X(i)]*E[X(j)]|}
i.e., covariance(i,j)/{coef(i)*coef(j)}

Fractional error output:  
row 1		32.55431232658916	
row 2		4.386006524527759	0.5917098852581334	
row 3		0.2919889339999566	0.039821150948199005	0.003002840614504088	

Average fractional error = 6.31114027698962

RANKED MEAN FRACTIONAL ERRORS (best to worst) :   
Exponential function of Teff, fitted    		0.1162712228458449
Power law of Teff, fitted               		6.31114027698962
Fitting results for Grp filter, with log(g) = 5.0
Function type:  Exponential function of Teff, fitted
    Fit coefficients (in order of functions arguments):
[-1.04291738e-01 -2.11051414e-04  6.73914261e-01]
    Covariance matrix:
[[8.86805940e-02 1.31433389e-04 1.82656738e-03]
 [1.31433389e-04 2.24290581e-07 4.94480451e-06]
 [1.82656738e-03 4.94480451e-06 3.46281007e-04]]
Fractional errors in fit coefficients = {E[(X(i)-E[X(i)])*(X(j)-E[X(j)])]}/{|E[X(i)]*E[X(j)]|}
i.e., covariance(i,j)/{coef(i)*coef(j)}

Fractional error output:  
row 1		8.153212852428846	
row 2		5.971281341053621	5.035406106169405	
row 3		0.02598849586853702	0.03476611902706653	0.000762464060792406	

Average fractional error = 3.203569563101377

Fitting results for Grp filter, with log(g) = 5.0
Function type:  Power law of Teff, fitted
    Fit coefficients (in order of functions arguments):
[-4.07233828e+03 -1.35193750e+00  6.77216507e-01]
    Covariance matrix:
[[1.60641426e+10 4.65864009e+05 3.77804637e+03]
 [4.65864009e+05 1.35249570e+01 1.11297196e-01]
 [3.77804637e+03 1.11297196e-01 1.23049937e-03]]
Fractional errors in fit coefficients = {E[(X(i)-E[X(i)])*(X(j)-E[X(j)])]}/{|E[X(i)]*E[X(j)]|}
i.e., covariance(i,j)/{coef(i)*coef(j)}

Fractional error output:  
row 1		968.6566325235782	
row 2		84.61720940683065	7.3998457037604615	
row 3		1.3699221967991106	0.1215626264087656	0.00268303492534375	

Average fractional error = 177.0279759153838

RANKED MEAN FRACTIONAL ERRORS (best to worst) :   
Exponential function of Teff, fitted    		3.203569563101377
Power law of Teff, fitted               		177.0279759153838
