Fitting results for f218w filter, with log(g) = 5.0
Function type:  Exponential function of Teff, fitted
    Fit coefficients (in order of functions arguments):
[-2.32239583e+02 -1.07618486e-03  2.93335416e+00]
    Covariance matrix:
[[2.30119864e+03 2.04691908e-03 1.03317848e-01]
 [2.04691908e-03 1.83718621e-09 1.01315930e-07]
 [1.03317848e-01 1.01315930e-07 4.83379040e-05]]
Fractional errors in fit coefficients = {E[(X(i)-E[X(i)])*(X(j)-E[X(j)])]}/{|E[X(i)]*E[X(j)]|}
i.e., covariance(i,j)/{coef(i)*coef(j)}

Fractional error output:  
row 1		0.04266596970741998	
row 2		0.008189880286944486	0.0015862784463106599	
row 3		0.00015166124126293398	3.2094185500144625e-05	5.617703498045102e-06	

Average fractional error = 0.008771916928489375

Fitting results for f218w filter, with log(g) = 5.0
Function type:  Power law of Teff, fitted
    Fit coefficients (in order of functions arguments):
[-1.00000000e+08 -2.16845377e+00  3.03078630e+00]
    Covariance matrix:
[[7.81892609e+16 9.16463883e+07 6.92277615e+06]
 [9.16463883e+07 1.07494605e-01 8.25122202e-03]
 [6.92277615e+06 8.25122202e-03 1.26279419e-03]]
Fractional errors in fit coefficients = {E[(X(i)-E[X(i)])*(X(j)-E[X(j)])]}/{|E[X(i)]*E[X(j)]|}
i.e., covariance(i,j)/{coef(i)*coef(j)}

Fractional error output:  
row 1		7.818926090160283	
row 2		0.42263473532599555	0.022860532090190212	
row 3		0.022841518557107855	0.0012554886501863758	0.00013747443567957817	

Average fractional error = 1.381442639869907

RANKED MEAN FRACTIONAL ERRORS (best to worst) :   
Exponential function of Teff, fitted    		0.008771916928489375
Power law of Teff, fitted               		1.381442639869907
Fitting results for f225w filter, with log(g) = 5.0
Function type:  Exponential function of Teff, fitted
    Fit coefficients (in order of functions arguments):
[-1.28077189e+02 -1.03029791e-03  2.61037661e+00]
    Covariance matrix:
[[1.88404732e+02 3.02696960e-04 1.12642091e-02]
 [3.02696960e-04 4.91089881e-10 2.00339147e-08]
 [1.12642091e-02 2.00339147e-08 6.74581987e-06]]
Fractional errors in fit coefficients = {E[(X(i)-E[X(i)])*(X(j)-E[X(j)])]}/{|E[X(i)]*E[X(j)]|}
i.e., covariance(i,j)/{coef(i)*coef(j)}

Fractional error output:  
row 1		0.01148545563907574	
row 2		0.0022938945659550457	0.00046263165893773713	
row 3		3.36919190095515e-05	7.44903190429592e-06	9.899845160276774e-07	

Average fractional error = 0.0023806854665664

Fitting results for f225w filter, with log(g) = 5.0
Function type:  Power law of Teff, fitted
    Fit coefficients (in order of functions arguments):
[-1.00000000e+08 -2.20599599e+00  2.68141553e+00]
    Covariance matrix:
[[4.57832185e+16 5.36630805e+07 2.84881347e+06]
 [5.36630805e+07 6.29420828e-02 3.39522043e-03]
 [2.84881347e+06 3.39522043e-03 3.71172076e-04]]
Fractional errors in fit coefficients = {E[(X(i)-E[X(i)])*(X(j)-E[X(j)])]}/{|E[X(i)]*E[X(j)]|}
i.e., covariance(i,j)/{coef(i)*coef(j)}

Fractional error output:  
row 1		4.57832185310317	
row 2		0.24326010007492405	0.012933964751025448	
row 3		0.010624289417480594	0.0005739831405174854	5.162345353373316e-05	

Average fractional error = 0.8076276356567752

RANKED MEAN FRACTIONAL ERRORS (best to worst) :   
Exponential function of Teff, fitted    		0.0023806854665664
Power law of Teff, fitted               		0.8076276356567752
Fitting results for f275w filter, with log(g) = 5.0
Function type:  Exponential function of Teff, fitted
    Fit coefficients (in order of functions arguments):
[-9.68524675e-01 -3.51223799e-04  2.05998496e+00]
    Covariance matrix:
[[3.41893769e-03 6.20580478e-07 2.38638208e-05]
 [6.20580478e-07 1.20387409e-10 6.02809995e-09]
 [2.38638208e-05 6.02809995e-09 1.10427623e-06]]
Fractional errors in fit coefficients = {E[(X(i)-E[X(i)])*(X(j)-E[X(j)])]}/{|E[X(i)]*E[X(j)]|}
i.e., covariance(i,j)/{coef(i)*coef(j)}

Fractional error output:  
row 1		0.003644767310883859	
row 2		0.0018243303540298478	0.0009759177074168047	
row 3		1.1960938006225414e-05	8.331677647568368e-06	2.602253645391588e-07	

Average fractional error = 0.0010775947022248075

Fitting results for f275w filter, with log(g) = 5.0
Function type:  Power law of Teff, fitted
    Fit coefficients (in order of functions arguments):
[-2.19170226e+07 -2.19009078e+00  2.06533779e+00]
    Covariance matrix:
[[8.10931415e+13 4.33681355e+05 5.85870846e+03]
 [4.33681355e+05 2.32090032e-03 3.18594607e-05]
 [5.85870846e+03 3.18594607e-05 8.80251511e-07]]
Fractional errors in fit coefficients = {E[(X(i)-E[X(i)])*(X(j)-E[X(j)])]}/{|E[X(i)]*E[X(j)]|}
i.e., covariance(i,j)/{coef(i)*coef(j)}

Fractional error output:  
row 1		0.16881887990162742	
row 2		0.009034977572495904	0.0004838739638354088	
row 3		0.00012942829836411334	7.0434463748461335e-06	2.063595623226036e-07	

Average fractional error = 0.029745734923710004

RANKED MEAN FRACTIONAL ERRORS (best to worst) :   
Exponential function of Teff, fitted    		0.0010775947022248075
Power law of Teff, fitted               		0.029745734923710004
Fitting results for f300x filter, with log(g) = 5.0
Function type:  Exponential function of Teff, fitted
    Fit coefficients (in order of functions arguments):
[-1.27174167e+00 -2.59069982e-04  2.03175294e+00]
    Covariance matrix:
[[2.10683237e-03 2.70213998e-07 2.94995261e-05]
 [2.70213998e-07 3.85568596e-11 6.13995912e-09]
 [2.94995261e-05 6.13995912e-09 3.32405982e-06]]
Fractional errors in fit coefficients = {E[(X(i)-E[X(i)])*(X(j)-E[X(j)])]}/{|E[X(i)]*E[X(j)]|}
i.e., covariance(i,j)/{coef(i)*coef(j)}

Fractional error output:  
row 1		0.001302663296391012	
row 2		0.0008201472736346341	0.0005744701458499518	
row 3		1.1416822263515093e-05	1.1664805135214854e-05	8.052431463374776e-07	

Average fractional error = 0.00045352793107011083

Fitting results for f300x filter, with log(g) = 5.0
Function type:  Power law of Teff, fitted
    Fit coefficients (in order of functions arguments):
[-5.13354408e+05 -1.65899989e+00  2.05178810e+00]
    Covariance matrix:
[[7.97498553e+09 1.82471046e+03 9.13514238e+01]
 [1.82471046e+03 4.17892667e-04 2.12568027e-05]
 [9.13514238e+01 2.12568027e-05 1.69095654e-06]]
Fractional errors in fit coefficients = {E[(X(i)-E[X(i)])*(X(j)-E[X(j)])]}/{|E[X(i)]*E[X(j)]|}
i.e., covariance(i,j)/{coef(i)*coef(j)}

Fractional error output:  
row 1		0.03026183874519936	
row 2		0.0021425467637734745	0.00015183504996090728	
row 3		8.672923533417965e-05	6.244807816657428e-06	4.0166818248682006e-07	

Average fractional error = 0.005441599378377844

RANKED MEAN FRACTIONAL ERRORS (best to worst) :   
Exponential function of Teff, fitted    		0.00045352793107011083
Power law of Teff, fitted               		0.005441599378377844
Fitting results for f336w filter, with log(g) = 5.0
Function type:  Exponential function of Teff, fitted
    Fit coefficients (in order of functions arguments):
[-6.07165632e-02 -2.30030954e-04  1.64648845e+00]
    Covariance matrix:
[[1.40212540e-05 3.65059569e-08 2.46573546e-07]
 [3.65059569e-08 1.07790071e-10 1.11554528e-09]
 [2.46573546e-07 1.11554528e-09 3.78975981e-08]]
Fractional errors in fit coefficients = {E[(X(i)-E[X(i)])*(X(j)-E[X(j)])]}/{|E[X(i)]*E[X(j)]|}
i.e., covariance(i,j)/{coef(i)*coef(j)}

Fractional error output:  
row 1		0.003803404316354394	
row 2		0.002613787489312223	0.0020370711387569062	
row 3		2.4664971132222183e-06	2.9453861125712037e-06	1.3979585958076133e-08	

Average fractional error = 0.0014099481345392123

Fitting results for f336w filter, with log(g) = 5.0
Function type:  Power law of Teff, fitted
    Fit coefficients (in order of functions arguments):
[-9.29192535e+03 -1.52511773e+00  1.64779028e+00]
    Covariance matrix:
[[1.20908335e+07 1.53105831e+02 5.11931556e-01]
 [1.53105831e+02 1.94072297e-03 6.59027013e-06]
 [5.11931556e-01 6.59027013e-06 3.27247057e-08]]
Fractional errors in fit coefficients = {E[(X(i)-E[X(i)])*(X(j)-E[X(j)])]}/{|E[X(i)]*E[X(j)]|}
i.e., covariance(i,j)/{coef(i)*coef(j)}

Fractional error output:  
row 1		0.14003765043593946	
row 2		0.010803952100355545	0.0008343664019723236	
row 3		3.3435225127584734e-05	2.6223938037729207e-06	1.2052353897924216e-08	

Average fractional error = 0.025285339768258763

RANKED MEAN FRACTIONAL ERRORS (best to worst) :   
Exponential function of Teff, fitted    		0.0014099481345392123
Power law of Teff, fitted               		0.025285339768258763
Fitting results for f390w filter, with log(g) = 5.0
Function type:  Exponential function of Teff, fitted
    Fit coefficients (in order of functions arguments):
[-6.94896536e-02 -6.43739251e-05  1.48847098e+00]
    Covariance matrix:
[[3.79198037e-06 5.32637132e-09 2.58923215e-07]
 [5.32637132e-09 3.62377417e-11 9.18352937e-09]
 [2.58923215e-07 9.18352937e-09 2.88349426e-06]]
Fractional errors in fit coefficients = {E[(X(i)-E[X(i)])*(X(j)-E[X(j)])]}/{|E[X(i)]*E[X(j)]|}
i.e., covariance(i,j)/{coef(i)*coef(j)}

Fractional error output:  
row 1		0.0007852822597026809	
row 2		0.00119069711741281	0.008744624074742158	
row 3		2.503285997710692e-06	9.584274761827539e-05	1.3014825371323728e-06	

Average fractional error = 0.0018033751613351278

Fitting results for f390w filter, with log(g) = 5.0
Function type:  Power law of Teff, fitted
    Fit coefficients (in order of functions arguments):
[-0.61766767 -0.07157159  1.77242686]
    Covariance matrix:
[[ 0.0583075  -0.0218225  -0.09429786]
 [-0.0218225   0.00820714  0.03541099]
 [-0.09429786  0.03541099  0.15285716]]
Fractional errors in fit coefficients = {E[(X(i)-E[X(i)])*(X(j)-E[X(j)])]}/{|E[X(i)]*E[X(j)]|}
i.e., covariance(i,j)/{coef(i)*coef(j)}

Fractional error output:  
row 1		0.15283214748644516	
row 2		0.49363843736361596	1.6021766573211749	
row 3		0.08613480139350212	0.2791444815915769	0.04865742770912426	

Average fractional error = 0.44376399214423984

RANKED MEAN FRACTIONAL ERRORS (best to worst) :   
Exponential function of Teff, fitted    		0.0018033751613351278
Power law of Teff, fitted               		0.44376399214423984
Fitting results for f438w filter, with log(g) = 5.0
Function type:  Exponential function of Teff, fitted
    Fit coefficients (in order of functions arguments):
[-1.13190785e-01 -3.08389246e-04  1.35037802e+00]
    Covariance matrix:
[[7.49466108e-05 1.12898261e-07 7.22407155e-07]
 [1.12898261e-07 1.84613526e-10 1.60885744e-09]
 [7.22407155e-07 1.60885744e-09 4.96575297e-08]]
Fractional errors in fit coefficients = {E[(X(i)-E[X(i)])*(X(j)-E[X(j)])]}/{|E[X(i)]*E[X(j)]|}
i.e., covariance(i,j)/{coef(i)*coef(j)}

Fractional error output:  
row 1		0.005849649665236497	
row 2		0.0032342750935469376	0.0019411766809594338	
row 3		4.726238206294838e-06	3.863340417119228e-06	2.7231677058376212e-08	

Average fractional error = 0.0018389530416738906

Fitting results for f438w filter, with log(g) = 5.0
Function type:  Power law of Teff, fitted
    Fit coefficients (in order of functions arguments):
[-9.99999997e+04 -1.78197159e+00  1.35186036e+00]
    Covariance matrix:
[[1.75315611e+09 2.05710652e+03 6.11751114e+00]
 [2.05710652e+03 2.41586761e-03 7.30140459e-06]
 [6.11751114e+00 7.30140459e-06 3.66945664e-08]]
Fractional errors in fit coefficients = {E[(X(i)-E[X(i)])*(X(j)-E[X(j)])]}/{|E[X(i)]*E[X(j)]|}
i.e., covariance(i,j)/{coef(i)*coef(j)}

Fractional error output:  
row 1		0.1753156117570834	
row 2		0.01154399173974068	0.0007608018874487026	
row 3		4.5252537418616885e-05	3.0309153388875194e-06	2.0078815689843324e-08	

Average fractional error = 0.031278118152641

RANKED MEAN FRACTIONAL ERRORS (best to worst) :   
Exponential function of Teff, fitted    		0.0018389530416738906
Power law of Teff, fitted               		0.031278118152641
Fitting results for f475w filter, with log(g) = 5.0
Function type:  Exponential function of Teff, fitted
    Fit coefficients (in order of functions arguments):
[-2.15577321e-01 -2.72903182e-04  1.21738082e+00]
    Covariance matrix:
[[6.06474420e-05 4.65120937e-08 7.64099059e-07]
 [4.65120937e-08 3.93785325e-11 9.23821185e-10]
 [7.64099059e-07 9.23821185e-10 7.46348419e-08]]
Fractional errors in fit coefficients = {E[(X(i)-E[X(i)])*(X(j)-E[X(j)])]}/{|E[X(i)]*E[X(j)]|}
i.e., covariance(i,j)/{coef(i)*coef(j)}

Fractional error output:  
row 1		0.0013049874890948237	
row 2		0.0007905952846573657	0.0005287401963857202	
row 3		2.9115224251364137e-06	2.780691837447954e-06	5.036034615797424e-08	

Average fractional error = 0.00043834425745777533

Fitting results for f475w filter, with log(g) = 5.0
Function type:  Power law of Teff, fitted
    Fit coefficients (in order of functions arguments):
[-1.33339827e+05 -1.71831322e+00  1.22037683e+00]
    Covariance matrix:
[[1.45683628e+09 1.28260250e+03 9.39310684e+00]
 [1.28260250e+03 1.13023107e-03 8.41113385e-06]
 [9.39310684e+00 8.41113385e-06 1.00844018e-07]]
Fractional errors in fit coefficients = {E[(X(i)-E[X(i)])*(X(j)-E[X(j)])]}/{|E[X(i)]*E[X(j)]|}
i.e., covariance(i,j)/{coef(i)*coef(j)}

Fractional error output:  
row 1		0.0819390593891968	
row 2		0.005597960955377966	0.00038279175941215724	
row 3		5.7723867724040105e-05	4.0110517069048814e-06	6.77114688708805e-08	

Average fractional error = 0.014663602455814455

RANKED MEAN FRACTIONAL ERRORS (best to worst) :   
Exponential function of Teff, fitted    		0.00043834425745777533
Power law of Teff, fitted               		0.014663602455814455
Fitting results for f555w filter, with log(g) = 5.0
Function type:  Exponential function of Teff, fitted
    Fit coefficients (in order of functions arguments):
[-2.17062286e-01 -3.00634319e-04  1.07768556e+00]
    Covariance matrix:
[[7.86215455e-05 6.13729018e-08 8.03383641e-07]
 [6.13729018e-08 5.21794237e-11 9.39154298e-10]
 [8.03383641e-07 9.39154298e-10 5.95197435e-08]]
Fractional errors in fit coefficients = {E[(X(i)-E[X(i)])*(X(j)-E[X(j)])]}/{|E[X(i)]*E[X(j)]|}
i.e., covariance(i,j)/{coef(i)*coef(j)}

Fractional error output:  
row 1		0.0016686791126965988	
row 2		0.0009404890174959397	0.0005773273954708101	
row 3		3.4343657737010315e-06	2.898720426689879e-06	5.1248000345126066e-08	

Average fractional error = 0.0005321466433106807

Fitting results for f555w filter, with log(g) = 5.0
Function type:  Power law of Teff, fitted
    Fit coefficients (in order of functions arguments):
[-4.87067534e+05 -1.88731295e+00  1.07982299e+00]
    Covariance matrix:
[[2.07426943e+10 4.99426302e+03 2.63611329e+01]
 [4.99426302e+03 1.20347123e-03 6.45627069e-06]
 [2.63611329e+01 6.45627069e-06 6.06444894e-08]]
Fractional errors in fit coefficients = {E[(X(i)-E[X(i)])*(X(j)-E[X(j)])]}/{|E[X(i)]*E[X(j)]|}
i.e., covariance(i,j)/{coef(i)*coef(j)}

Fractional error output:  
row 1		0.0874352994850244	
row 2		0.005432982528317432	0.0003378686328911124	
row 3		5.012129936478365e-05	3.168000510704839e-06	5.200992268088708e-08	

Average fractional error = 0.015543248659338517

RANKED MEAN FRACTIONAL ERRORS (best to worst) :   
Exponential function of Teff, fitted    		0.0005321466433106807
Power law of Teff, fitted               		0.015543248659338517
Fitting results for f606w filter, with log(g) = 5.0
Function type:  Exponential function of Teff, fitted
    Fit coefficients (in order of functions arguments):
[-2.13078202e-01 -2.87876976e-04  9.62345296e-01]
    Covariance matrix:
[[7.61791448e-05 5.99228658e-08 8.56978489e-07]
 [5.99228658e-08 5.16404087e-11 1.03251433e-09]
 [8.56978489e-07 1.03251433e-09 7.19802399e-08]]
Fractional errors in fit coefficients = {E[(X(i)-E[X(i)])*(X(j)-E[X(j)])]}/{|E[X(i)]*E[X(j)]|}
i.e., covariance(i,j)/{coef(i)*coef(j)}

Fractional error output:  
row 1		0.0016778689770241004	
row 2		0.000976892147583337	0.000623125904291687	
row 3		4.1792655653369136e-06	3.726990015958056e-06	7.772333622222557e-08	

Average fractional error = 0.0005476451679694404

Fitting results for f606w filter, with log(g) = 5.0
Function type:  Power law of Teff, fitted
    Fit coefficients (in order of functions arguments):
[-2.85307745e+05 -1.81845203e+00  9.64762008e-01]
    Covariance matrix:
[[5.02913898e+09 2.06785524e+03 1.23590222e+01]
 [2.06785524e+03 8.50979421e-04 5.16911946e-06]
 [1.23590222e+01 5.16911946e-06 5.31611107e-08]]
Fractional errors in fit coefficients = {E[(X(i)-E[X(i)])*(X(j)-E[X(j)])]}/{|E[X(i)]*E[X(j)]|}
i.e., covariance(i,j)/{coef(i)*coef(j)}

Fractional error output:  
row 1		0.06178264760814294	
row 2		0.003985701070015569	0.00025734477819171637	
row 3		4.490041524782855e-05	2.946419146448671e-06	5.71154576160624e-08	

Average fractional error = 0.011012266234367017

RANKED MEAN FRACTIONAL ERRORS (best to worst) :   
Exponential function of Teff, fitted    		0.0005476451679694404
Power law of Teff, fitted               		0.011012266234367017
Fitting results for f625w filter, with log(g) = 5.0
Function type:  Exponential function of Teff, fitted
    Fit coefficients (in order of functions arguments):
[-8.65029483e-02 -3.28056411e-04  8.78152526e-01]
    Covariance matrix:
[[1.04958122e-05 2.09983076e-08 8.72458709e-08]
 [2.09983076e-08 4.52529961e-11 2.50465070e-10]
 [8.72458709e-08 2.50465070e-10 4.98220004e-09]]
Fractional errors in fit coefficients = {E[(X(i)-E[X(i)])*(X(j)-E[X(j)])]}/{|E[X(i)]*E[X(j)]|}
i.e., covariance(i,j)/{coef(i)*coef(j)}

Fractional error output:  
row 1		0.0014026658708848996	
row 2		0.0007399542250308013	0.00042048477817100435	
row 3		1.1485344267133426e-06	8.694181124413142e-07	6.460724925101097e-09	

Average fractional error = 0.00042752154789179746

Fitting results for f625w filter, with log(g) = 5.0
Function type:  Power law of Teff, fitted
    Fit coefficients (in order of functions arguments):
[-7.46424618e+05 -2.06342633e+00  8.78725416e-01]
    Covariance matrix:
[[1.63862202e+11 2.57330457e+04 3.90562955e+01]
 [2.57330457e+04 4.04414253e-03 6.23811381e-06]
 [3.90562955e+01 6.23811381e-06 1.83038459e-08]]
Fractional errors in fit coefficients = {E[(X(i)-E[X(i)])*(X(j)-E[X(j)])]}/{|E[X(i)]*E[X(j)]|}
i.e., covariance(i,j)/{coef(i)*coef(j)}

Fractional error output:  
row 1		0.2941080271177806	
row 2		0.016707684647825575	0.0009498357646593914	
row 3		5.954590577580822e-05	3.4404174221883035e-06	2.3704782488879858e-08	

Average fractional error = 0.051971426259707666

RANKED MEAN FRACTIONAL ERRORS (best to worst) :   
Exponential function of Teff, fitted    		0.00042752154789179746
Power law of Teff, fitted               		0.051971426259707666
Fitting results for f775w filter, with log(g) = 5.0
Function type:  Exponential function of Teff, fitted
    Fit coefficients (in order of functions arguments):
[-2.96114616e-02 -2.45337832e-04  6.56181680e-01]
    Covariance matrix:
[[2.20601804e-06 1.19786592e-08 3.43540514e-08]
 [1.19786592e-08 7.29843031e-11 3.12278569e-10]
 [3.43540514e-08 3.12278569e-10 4.47549059e-09]]
Fractional errors in fit coefficients = {E[(X(i)-E[X(i)])*(X(j)-E[X(j)])]}/{|E[X(i)]*E[X(j)]|}
i.e., covariance(i,j)/{coef(i)*coef(j)}

Fractional error output:  
row 1		0.0025158767985955298	
row 2		0.0016488602303783321	0.0012125521357265474	
row 3		1.7680478559807427e-06	1.9397848243193205e-06	1.0394232971889809e-08	

Average fractional error = 0.0008968345652689468

Fitting results for f775w filter, with log(g) = 5.0
Function type:  Power law of Teff, fitted
    Fit coefficients (in order of functions arguments):
[-4.27916995e+03 -1.52900731e+00  6.56812769e-01]
    Covariance matrix:
[[2.20559942e+06 6.06430900e+01 8.98868572e-02]
 [6.06430900e+01 1.66905815e-03 2.51253855e-06]
 [8.98868572e-02 2.51253855e-06 5.54155613e-09]]
Fractional errors in fit coefficients = {E[(X(i)-E[X(i)])*(X(j)-E[X(j)])]}/{|E[X(i)]*E[X(j)]|}
i.e., covariance(i,j)/{coef(i)*coef(j)}

Fractional error output:  
row 1		0.12045021218191936	
row 2		0.00926855912050465	0.0007139245914902418	
row 3		3.198122345790121e-05	2.5018518225558565e-06	1.2845427483242471e-08	

Average fractional error = 0.021744531969103698

RANKED MEAN FRACTIONAL ERRORS (best to worst) :   
Exponential function of Teff, fitted    		0.0008968345652689468
Power law of Teff, fitted               		0.021744531969103698
Fitting results for f814w filter, with log(g) = 5.0
Function type:  Exponential function of Teff, fitted
    Fit coefficients (in order of functions arguments):
[-4.97759797e-02 -2.17180799e-04  6.14355115e-01]
    Covariance matrix:
[[5.47797925e-06 1.71375221e-08 1.07092001e-07]
 [1.71375221e-08 6.14124680e-11 6.01925507e-10]
 [1.07092001e-07 6.01925507e-10 1.89619799e-08]]
Fractional errors in fit coefficients = {E[(X(i)-E[X(i)])*(X(j)-E[X(j)])]}/{|E[X(i)]*E[X(j)]|}
i.e., covariance(i,j)/{coef(i)*coef(j)}

Fractional error output:  
row 1		0.002210959313188397	
row 2		0.0015852829415125317	0.001302008137621424	
row 3		3.502012883908071e-06	4.511301392995588e-06	5.023943257603183e-08	

Average fractional error = 0.0008510523243386387

Fitting results for f814w filter, with log(g) = 5.0
Function type:  Power law of Teff, fitted
    Fit coefficients (in order of functions arguments):
[-2.60622661e+03 -1.39046361e+00  6.15806945e-01]
    Covariance matrix:
[[3.28832915e+05 1.48859159e+01 5.26787594e-02]
 [1.48859159e+01 6.74593738e-04 2.42292376e-06]
 [5.26787594e-02 2.42292376e-06 1.19096054e-08]]
Fractional errors in fit coefficients = {E[(X(i)-E[X(i)])*(X(j)-E[X(j)])]}/{|E[X(i)]*E[X(j)]|}
i.e., covariance(i,j)/{coef(i)*coef(j)}

Fractional error output:  
row 1		0.048411766966483395	
row 2		0.004107747676410471	0.0003489177410533065	
row 3		3.282303846859453e-05	2.829668368562857e-06	3.140568048470142e-08	

Average fractional error = 0.008817352749410803

RANKED MEAN FRACTIONAL ERRORS (best to worst) :   
Exponential function of Teff, fitted    		0.0008510523243386387
Power law of Teff, fitted               		0.008817352749410803
Fitting results for G filter, with log(g) = 5.0
Function type:  Exponential function of Teff, fitted
    Fit coefficients (in order of functions arguments):
[-6.37453398e-01 -2.20146343e-04  1.02180920e+00]
    Covariance matrix:
[[5.21553462e-04 1.27859484e-07 9.94613451e-06]
 [1.27859484e-07 3.58181705e-11 4.34643243e-09]
 [9.94613451e-06 4.34643243e-09 1.70414548e-06]]
Fractional errors in fit coefficients = {E[(X(i)-E[X(i)])*(X(j)-E[X(j)])]}/{|E[X(i)]*E[X(j)]|}
i.e., covariance(i,j)/{coef(i)*coef(j)}

Fractional error output:  
row 1		0.00128351796630352	
row 2		0.0009111146528702007	0.0007390612790079862	
row 3		1.5269895940483965e-05	1.93219808167938e-05	1.6321762198212286e-06	

Average fractional error = 0.0004949863251931344

Fitting results for G filter, with log(g) = 5.0
Function type:  Power law of Teff, fitted
    Fit coefficients (in order of functions arguments):
[-3.38142688e+04 -1.39444197e+00  1.03998507e+00]
    Covariance matrix:
[[5.37253486e+07 1.87434578e+02 8.27289994e+00]
 [1.87434578e+02 6.54614703e-04 2.93251920e-05]
 [8.27289994e+00 2.93251920e-05 1.80131450e-06]]
Fractional errors in fit coefficients = {E[(X(i)-E[X(i)])*(X(j)-E[X(j)])]}/{|E[X(i)]*E[X(j)]|}
i.e., covariance(i,j)/{coef(i)*coef(j)}

Fractional error output:  
row 1		0.04698716475526271	
row 2		0.003975111045155724	0.0003366548405834803	
row 3		0.000235250560669351	2.02214975160282e-05	1.6654643387881656e-06	

Average fractional error = 0.008592678027254348

RANKED MEAN FRACTIONAL ERRORS (best to worst) :   
Exponential function of Teff, fitted    		0.0004949863251931344
Power law of Teff, fitted               		0.008592678027254348
Fitting results for Gbp filter, with log(g) = 5.0
Function type:  Exponential function of Teff, fitted
    Fit coefficients (in order of functions arguments):
[-3.54445862e-01 -1.44879713e-04  1.21185253e+00]
    Covariance matrix:
[[1.42150688e-04 5.69944046e-08 5.99633084e-06]
 [5.69944046e-08 2.86929852e-11 5.34479914e-09]
 [5.99633084e-06 5.34479914e-09 2.46101480e-06]]
Fractional errors in fit coefficients = {E[(X(i)-E[X(i)])*(X(j)-E[X(j)])]}/{|E[X(i)]*E[X(j)]|}
i.e., covariance(i,j)/{coef(i)*coef(j)}

Fractional error output:  
row 1		0.001131485895574404	
row 2		0.0011098767025221313	0.0013669750337069405	
row 3		1.3960015610122214e-05	3.044206020842773e-05	1.6757710425470955e-06	

Average fractional error = 0.0006090692464440953

Fitting results for Gbp filter, with log(g) = 5.0
Function type:  Power law of Teff, fitted
    Fit coefficients (in order of functions arguments):
[-457.5522071    -0.89995264    1.24675508]
    Covariance matrix:
[[4.21379330e+03 1.11624610e+00 1.02920397e-01]
 [1.11624610e+00 2.96091140e-04 2.75979011e-05]
 [1.02920397e-01 2.75979011e-05 2.88256337e-06]]
Fractional errors in fit coefficients = {E[(X(i)-E[X(i)])*(X(j)-E[X(j)])]}/{|E[X(i)]*E[X(j)]|}
i.e., covariance(i,j)/{coef(i)*coef(j)}

Fractional error output:  
row 1		0.020127596583598258	
row 2		0.0027108135394490382	0.00036558309485184095	
row 3		0.0001804179110420296	2.4596609896948042e-05	1.8544561532820983e-06	

Average fractional error = 0.0039018103658318985

RANKED MEAN FRACTIONAL ERRORS (best to worst) :   
Exponential function of Teff, fitted    		0.0006090692464440953
Power law of Teff, fitted               		0.0039018103658318985
Fitting results for Grp filter, with log(g) = 5.0
Function type:  Exponential function of Teff, fitted
    Fit coefficients (in order of functions arguments):
[-1.05506883e-01 -2.13108834e-04  6.73853746e-01]
    Covariance matrix:
[[1.88692879e-05 2.77133919e-08 3.81848300e-07]
 [2.77133919e-08 4.67825549e-11 1.01867093e-09]
 [3.81848300e-07 1.01867093e-09 7.07459977e-08]]
Fractional errors in fit coefficients = {E[(X(i)-E[X(i)])*(X(j)-E[X(j)])]}/{|E[X(i)]*E[X(j)]|}
i.e., covariance(i,j)/{coef(i)*coef(j)}

Fractional error output:  
row 1		0.0016950945381004963	
row 2		0.0012325582038360666	0.001030103897354342	
row 3		5.370867285367485e-06	7.093601884697373e-06	1.5580112222864717e-07	

Average fractional error = 0.000661729484930533

Fitting results for Grp filter, with log(g) = 5.0
Function type:  Power law of Teff, fitted
    Fit coefficients (in order of functions arguments):
[-4.38277335e+03 -1.36062210e+00  6.77129796e-01]
    Covariance matrix:
[[7.60077861e+05 2.04763479e+01 1.63915859e-01]
 [2.04763479e+01 5.52230119e-04 4.48591804e-06]
 [1.63915859e-01 4.48591804e-06 4.91616292e-08]]
Fractional errors in fit coefficients = {E[(X(i)-E[X(i)])*(X(j)-E[X(j)])]}/{|E[X(i)]*E[X(j)]|}
i.e., covariance(i,j)/{coef(i)*coef(j)}

Fractional error output:  
row 1		0.039569453984397304	
row 2		0.0034337286057893324	0.0002982943637071794	
row 3		5.523317862869855e-05	4.869023703620107e-06	1.0722163303099104e-07	

Average fractional error = 0.007226947729643194

RANKED MEAN FRACTIONAL ERRORS (best to worst) :   
Exponential function of Teff, fitted    		0.000661729484930533
Power law of Teff, fitted               		0.007226947729643194
