Fitting results for f218w filter, with log(g) = 0.0
Function type:  Power law of Teff, fitted
    Fit coefficients (in order of functions arguments):
[array([ -1.00000000e+08,  -2.16846837e+00,   3.03079547e+00]), array([ -1.00000000e+08,  -2.20599208e+00,   2.68145550e+00]), array([ -2.26542545e+07,  -2.19383526e+00,   2.06537432e+00]), array([ -5.33470924e+05,  -1.66350652e+00,   2.05158490e+00]), array([ -1.51556105e+04,  -1.58229494e+00,   1.64765130e+00]), array([-0.59910717, -0.08070638,  1.73786479]), array([ -9.99999999e+04,  -1.78304457e+00,   1.35186267e+00]), array([ -1.20707226e+05,  -1.70657822e+00,   1.22045256e+00]), array([ -4.59655266e+05,  -1.88059297e+00,   1.07985380e+00]), array([ -3.13655088e+05,  -1.82928924e+00,   9.64793923e-01]), array([ -5.47562323e+05,  -2.02950259e+00,   8.78683006e-01]), array([ -6.32767059e+03,  -1.57627077e+00,   6.56703339e-01]), array([ -3.72711692e+03,  -1.43145264e+00,   6.15752594e-01]), array([ -3.38142759e+04,  -1.39444200e+00,   1.03998507e+00]), array([-457.55192948,   -0.89995256,    1.24675509]), array([ -4.38278161e+03,  -1.36062232e+00,   6.77129794e-01])]
    Covariance matrix:
[array([[  7.82867661e+16,   9.17606751e+07,   6.93045811e+06],
       [  9.17606751e+07,   1.07628655e-01,   8.26037789e-03],
       [  6.93045811e+06,   8.26037789e-03,   1.26403014e-03]]), array([[  4.58097420e+16,   5.36941693e+07,   2.85056909e+06],
       [  5.36941693e+07,   6.29785476e-02,   3.39731278e-03],
       [  2.85056909e+06,   3.39731278e-03,   3.71413685e-04]]), array([[  8.50820831e+13,   4.40206733e+05,   5.93447553e+03],
       [  4.40206733e+05,   2.27915404e-03,   3.12210323e-05],
       [  5.93447553e+03,   3.12210323e-05,   8.62209531e-07]]), array([[  8.75560794e+09,   1.92768833e+03,   9.59992381e+01],
       [  1.92768833e+03,   4.24808380e-04,   2.14951692e-05],
       [  9.59992381e+01,   2.14951692e-05,   1.70479675e-06]]), array([[  5.22382027e+07,   4.05219241e+02,   1.26324118e+00],
       [  4.05219241e+02,   3.14641144e-03,   9.96377525e-06],
       [  1.26324118e+00,   9.96377525e-06,   4.74787570e-08]]), array([[ 0.02232172, -0.01349914, -0.0459843 ],
       [-0.01349914,  0.0082628 ,  0.02807178],
       [-0.0459843 ,  0.02807178,  0.0954266 ]]), array([[  2.14235855e+09,   2.51376862e+03,   7.39880182e+00],
       [  2.51376862e+03,   2.95214971e-03,   8.83060500e-06],
       [  7.39880182e+00,   8.83060500e-06,   4.39478411e-08]]), array([[  1.43415256e+09,   1.39491201e+03,   1.03581956e+01],
       [  1.39491201e+03,   1.35798397e-03,   1.02468847e-05],
       [  1.03581956e+01,   1.02468847e-05,   1.23837016e-07]]), array([[  2.16069749e+10,   5.51276291e+03,   2.92808968e+01],
       [  5.51276291e+03,   1.40768055e-03,   7.59926131e-06],
       [  2.92808968e+01,   7.59926131e-06,   7.15961196e-08]]), array([[  8.30064171e+09,   3.10437060e+03,   1.83841264e+01],
       [  3.10437060e+03,   1.16199859e-03,   6.99379577e-06],
       [  1.83841264e+01,   6.99379577e-06,   7.16492323e-08]]), array([[  1.37580891e+11,   2.94540398e+04,   4.52070823e+01],
       [  2.94540398e+04,   6.31046072e-03,   9.84379297e-06],
       [  4.52070823e+01,   9.84379297e-06,   2.87575824e-08]]), array([[  2.09005043e+07,   3.88350146e+02,   5.36075202e-01],
       [  3.88350146e+02,   7.22295876e-03,   1.01279278e-05],
       [  5.36075202e-01,   1.01279278e-05,   2.13050023e-08]]), array([[  1.90679308e+06,   6.03023252e+01,   2.03358289e-01],
       [  6.03023252e+01,   1.90906985e-03,   6.53555505e-06],
       [  2.03358289e-01,   6.53555505e-06,   3.12358018e-08]]), array([[  5.37253478e+07,   1.87434534e+02,   8.27289451e+00],
       [  1.87434534e+02,   6.54614406e-04,   2.93251667e-05],
       [  8.27289451e+00,   2.93251667e-05,   1.80131284e-06]]), array([[  4.21378332e+03,   1.11624418e+00,   1.02920284e-01],
       [  1.11624418e+00,   2.96090825e-04,   2.75978890e-05],
       [  1.02920284e-01,   2.75978890e-05,   2.88256386e-06]]), array([[  7.60082844e+05,   2.04764441e+01,   1.63916823e-01],
       [  2.04764441e+01,   5.52231683e-04,   4.48593577e-06],
       [  1.63916823e-01,   4.48593577e-06,   4.91618106e-08]])]
Fractional errors in fit coefficients = {E[(X(i)-E[X(i)])*(X(j)-E[X(j)])]}/{|E[X(i)]*E[X(j)]|}
i.e., covariance(i,j)/{coef(i)*coef(j)}

Fractional error output:  
row 1		[  7.82867661e+00   1.95141850e+07   7.54481655e+05]	
row 2		[  4.58097420e+00   1.12245797e+07   3.50755387e+05]	[  5.36941693e-09   1.29415037e-02   4.72491877e-04]	
row 3		[  3.75567791e-02   9.25336254e+04   9.48040612e+02]	[  1.94315260e-10   4.70940149e-04   5.63738755e-06]	[  1.15633267e-11   6.48693033e-06   2.02122785e-07]	
row 4		[  1.64125307e-04   5.34391106e+02   1.54390887e+01]	[  3.61348340e-11   1.15761626e-04   3.90733621e-06]	[  7.94341509e-12   5.88996007e-06   4.02331784e-07]	